847 405
847 406
847 407
847 408
847 409
847 410
847 411
847 412
847 413
847 414
847 415
847 416
847 417
847 418
847 419
847 420
847 421
847 422
847 423
847 424
847 425
847 426
847 427
847 428
847 429
848 401
848 402
848 403
848 404
848 405
848 406
848 407
848 408
848 409
848 410
848 411
848 412
848 413
848 414
848 415
848 416
848 417
848 418
848 419
848 420
848 421
848 422
848 423
848 424
848 425
848 426
848 427
848 428
848 429
848 430
848 431
848 432
848 433
848 434
848 435
849 398
849 399
849 400
849 401
849 402
849 403
849 404
849 405
849 406
849 407
849 408
849 409
849 410
849 411
849 412
849 413
849 414
849 415
849 416
849 417
849 418
849 419
849 420
849 421
849 422
849 423
849 424
849 425
849 426
849 427
849 428
849 429
849 430
849 431
849 432
849 433
849 434
849 435
849 436
850 397
850 398
850 399
850 400
850 401
850 402
850 403
850 404
850 405
850 406
850 407
850 408
850 409
850 410
850 411
850 412
850 413
850 414
850 415
850 416
850 417
850 418
850 419
850 420
850 421
850 422
850 423
850 424
850 425
850 426
850 427
850 428
850 429
850 430
850 431
850 432
850 433
850 434
850 435
850 436
850 437
851 395
851 396
851 397
851 398
851 399
851 400
851 401
851 402
851 403
851 404
851 405
851 406
851 407
851 408
851 409
851 410
851 411
851 412
851 413
851 414
851 415
851 416
851 417
851 418
851 419
851 420
851 421
851 422
851 423
851 424
851 425
851 426
851 427
851 428
851 429
851 430
851 431
851 432
851 433
851 434
851 435
851 436
851 437
851 438
852 394
852 395
852 396
852 397
852 398
852 399
852 400
852 401
852 402
852 403
852 404
852 405
852 406
852 407
852 408
852 409
852 410
852 411
852 412
852 413
852 414
852 415
852 416
852 417
852 418
852 419
852 420
852 421
852 422
852 423
852 424
852 425
852 426
852 427
852 428
852 429
852 430
852 431
852 432
852 433
852 434
852 435
852 436
852 437
852 438
852 439
852 440
853 393
853 394
853 395
853 396
853 397
853 398
853 399
853 400
853 401
853 402
853 403
853 404
853 405
853 406
853 407
853 408
853 409
853 410
853 411
853 412
853 413
853 414
853 415
853 416
853 417
853 418
853 419
853 420
853 421
853 422
853 423
853 424
853 425
853 426
853 427
853 428
853 429
853 430
853 431
853 432
853 433
853 434
853 435
853 436
853 437
853 438
853 439
853 440
853 441
854 392
854 393
854 394
854 395
854 396
854 397
854 398
854 399
854 400
854 401
854 402
854 403
854 404
854 405
854 406
854 407
854 408
854 409
854 410
854 411
854 412
854 413
854 414
854 415
854 416
854 417
854 418
854 419
854 420
854 421
854 422
854 423
854 424
854 425
854 426
854 427
854 428
854 429
854 430
854 431
854 432
854 433
854 434
854 435
854 436
854 437
854 438
854 439
854 440
854 441
854 442
854 443
855 390
855 391
855 392
855 393
855 394
855 395
855 396
855 397
855 398
855 399
855 400
855 401
855 402
855 403
855 404
855 405
855 406
855 407
855 408
855 409
855 410
855 411
855 412
855 413
855 414
855 415
855 416
855 417
855 418
855 419
855 420
855 421
855 422
855 423
855 424
855 425
855 426
855 427
855 428
855 429
855 430
855 431
855 432
855 433
855 434
855 435
855 436
855 437
855 438
855 439
855 440
855 441
855 442
855 443
855 444
856 389
856 390
856 391
856 392
856 393
856 394
856 395
856 396
856 397
856 398
856 399
856 400
856 401
856 402
856 403
856 404
856 405
856 406
856 407
856 408
856 409
856 410
856 411
856 412
856 413
856 414
856 415
856 416
856 417
856 418
856 419
856 420
856 421
856 422
856 423
856 424
856 425
856 426
856 427
856 428
856 429
856 430
856 431
856 432
856 433
856 434
856 435
856 436
856 437
856 438
856 439
856 440
856 441
856 442
856 443
856 444
856 445
857 388
857 389
857 390
857 391
857 392
857 393
857 394
857 395
857 396
857 397
857 398
857 399
857 400
857 401
857 402
857 403
857 404
857 405
857 406
857 407
857 408
857 409
857 410
857 411
857 412
857 417
857 418
857 419
857 420
857 421
857 422
857 423
857 424
857 425
857 426
857 427
857 428
857 429
857 430
857 431
857 432
857 433
857 434
857 435
857 436
857 437
857 438
857 439
857 440
857 441
857 442
857 443
857 444
857 445
857 446
857 447
858 387
858 388
858 389
858 390
858 391
858 392
858 393
858 394
858 395
858 396
858 397
858 398
858 399
858 400
858 401
858 402
858 403
858 404
858 405
858 406
858 407
858 408
858 421
858 422
858 423
858 424
858 425
858 426
858 427
858 428
858 429
858 430
858 431
858 432
858 433
858 434
858 435
858 436
858 437
858 438
858 439
858 440
858 441
858 442
858 443
858 444
858 445
858 446
858 447
858 448
859 385
859 386
859 387
859 388
859 389
859 390
859 391
859 392
859 393
859 394
859 395
859 396
859 397
859 398
859 399
859 400
859 401
859 402
859 403
859 404
859 405
859 406
859 407
859 422
859 423
859 424
859 425
859 426
859 427
859 428
859 429
859 430
859 431
859 432
859 433
859 434
859 435
859 436
859 437
859 438
859 439
859 440
859 441
859 442
859 443
859 444
859 445
859 446
859 447
859 448
859 449
860 384
860 385
860 386
860 387
860 388
860 389
860 390
860 391
860 392
860 393
860 394
860 395
860 396
860 397
860 398
860 399
860 400
860 401
860 402
860 403
860 404
860 405
860 424
860 425
860 426
860 427
860 428
860 429
860 430
860 431
860 432
860 433
860 434
860 435
860 436
860 437
860 438
860 439
860 440
860 441
860 442
860 443
860 444
860 445
860 446
860 447
860 448
860 449
860 450
860 451
861 382
861 383
861 384
861 385
861 386
861 387
861 388
861 389
861 390
861 391
861 392
861 393
861 394
861 395
861 396
861 397
861 398
861 399
861 400
861 401
861 402
861 403
861 404
861 426
861 427
861 428
861 429
861 430
861 431
861 432
861 433
861 434
861 435
861 436
861 437
861 438
861 439
861 440
861 441
861 442
861 443
861 444
861 445
861 446
861 447
861 448
861 449
861 450
861 451
861 452
862 380
862 381
862 382
862 383
862 384
862 385
862 386
862 387
862 388
862 389
862 390
862 391
862 392
862 393
862 394
862 395
862 396
862 397
862 398
862 399
862 400
862 401
862 402
862 427
862 428
862 429
862 430
862 431
862 432
862 433
862 434
862 435
862 436
862 437
862 438
862 439
862 440
862 441
862 442
862 443
862 444
862 445
862 446
862 447
862 448
862 449
862 450
862 451
862 452
862 453
863 379
863 380
863 381
863 382
863 383
863 384
863 385
863 386
863 387
863 388
863 389
863 390
863 391
863 392
863 393
863 394
863 395
863 396
863 397
863 398
863 399
863 400
863 401
863 429
863 430
863 431
863 432
863 433
863 434
863 435
863 436
863 437
863 438
863 439
863 440
863 441
863 442
863 443
863 444
863 445
863 446
863 447
863 448
863 449
863 450
863 451
863 452
863 453
863 454
864 378
864 379
864 380
864 381
864 382
864 383
864 384
864 385
864 386
864 387
864 388
864 389
864 390
864 391
864 392
864 393
864 394
864 395
864 396
864 397
864 398
864 399
864 400
864 431
864 432
864 433
864 434
864 435
864 436
864 437
864 438
864 439
864 440
864 441
864 442
864 443
864 444
864 445
864 446
864 447
864 448
864 449
864 450
864 451
864 452
864 453
864 454
864 455
864 456
865 377
865 378
865 379
865 380
865 381
865 382
865 383
865 384
865 385
865 386
865 387
865 388
865 389
865 390
865 391
865 392
865 393
865 394
865 395
865 396
865 397
865 398
865 399
865 431
865 432
865 433
865 434
865 435
865 436
865 437
865 438
865 439
865 440
865 441
865 442
865 443
865 444
865 445
865 446
865 447
865 448
865 449
865 450
865 451
865 452
865 453
865 454
865 455
865 456
866 376
866 377
866 378
866 379
866 380
866 381
866 382
866 383
866 384
866 385
866 386
866 387
866 388
866 389
866 390
866 391
866 392
866 393
866 394
866 395
866 396
866 397
866 434
866 435
866 436
866 437
866 438
866 439
866 440
866 441
866 442
866 443
866 444
866 445
866 446
866 447
866 448
866 449
866 450
866 451
866 452
866 453
866 454
866 455
866 456
866 457
867 375
867 376
867 377
867 378
867 379
867 380
867 381
867 382
867 383
867 384
867 385
867 386
867 387
867 388
867 389
867 390
867 391
867 392
867 393
867 394
867 395
867 396
867 434
867 435
867 436
867 437
867 438
867 439
867 440
867 441
867 442
867 443
867 444
867 445
867 446
867 447
867 448
867 449
867 450
867 451
867 452
867 453
867 454
867 455
867 456
867 457
867 458
868 374
868 375
868 376
868 377
868 378
868 379
868 380
868 381
868 382
868 383
868 384
868 385
868 386
868 387
868 388
868 389
868 390
868 391
868 392
868 393
868 394
868 395
868 436
868 437
868 438
868 439
868 440
868 441
868 442
868 443
868 444
868 445
868 446
868 447
868 448
868 449
868 450
868 451
868 452
868 453
868 454
868 455
868 456
868 457
868 458
868 459
868 460
869 373
869 374
869 375
869 376
869 377
869 378
869 379
869 380
869 381
869 382
869 383
869 384
869 385
869 386
869 387
869 388
869 389
869 390
869 391
869 392
869 393
869 394
869 437
869 438
869 439
869 440
869 441
869 442
869 443
869 444
869 445
869 446
869 447
869 448
869 449
869 450
869 451
869 452
869 453
869 454
869 455
869 456
869 457
869 458
869 459
869 460
869 461
870 372
870 373
870 374
870 375
870 376
870 377
870 378
870 379
870 380
870 381
870 382
870 383
870 384
870 385
870 386
870 387
870 388
870 389
870 390
870 391
870 392
870 393
870 438
870 439
870 440
870 441
870 442
870 443
870 444
870 445
870 446
870 447
870 448
870 449
870 450
870 451
870 452
870 453
870 454
870 455
870 456
870 457
870 458
870 459
870 460
870 461
871 371
871 372
871 373
871 374
871 375
871 376
871 377
871 378
871 379
871 380
871 381
871 382
871 383
871 384
871 385
871 386
871 387
871 388
871 389
871 390
871 391
871 439
871 440
871 441
871 442
871 443
871 444
871 445
871 446
871 447
871 448
871 449
871 450
871 451
871 452
871 453
871 454
871 455
871 456
871 457
871 458
871 459
871 460
871 461
871 462
872 370
872 371
872 372
872 373
872 374
872 375
872 376
872 377
872 378
872 379
872 380
872 381
872 382
872 383
872 384
872 385
872 386
872 387
872 388
872 389
872 390
872 440
872 441
872 442
872 443
872 444
872 445
872 446
872 447
872 448
872 449
872 450
872 451
872 452
872 453
872 454
872 455
872 456
872 457
872 458
872 459
872 460
872 461
872 462
872 463
872 464
873 369
873 370
873 371
873 372
873 373
873 374
873 375
873 376
873 377
873 378
873 379
873 380
873 381
873 382
873 383
873 384
873 385
873 386
873 387
873 388
873 389
873 441
873 442
873 443
873 444
873 445
873 446
873 447
873 448
873 449
873 450
873 451
873 452
873 453
873 454
873 455
873 456
873 457
873 458
873 459
873 460
873 461
873 462
873 463
873 464
874 368
874 369
874 370
874 371
874 372
874 373
874 374
874 375
874 376
874 377
874 378
874 379
874 380
874 381
874 382
874 383
874 384
874 385
874 386
874 387
874 388
874 442
874 443
874 444
874 445
874 446
874 447
874 448
874 449
874 450
874 451
874 452
874 453
874 454
874 455
874 456
874 457
874 458
874 459
874 460
874 461
874 462
874 463
874 464
874 465
875 367
875 368
875 369
875 370
875 371
875 372
875 373
875 374
875 375
875 376
875 377
875 378
875 379
875 380
875 381
875 382
875 383
875 384
875 385
875 386
875 387
875 443
875 444
875 445
875 446
875 447
875 448
875 449
875 450
875 451
875 452
875 453
875 454
875 455
875 456
875 457
875 458
875 459
875 460
875 461
875 462
875 463
875 464
875 465
875 466
876 366
876 367
876 368
876 369
876 370
876 371
876 372
876 373
876 374
876 375
876 376
876 377
876 378
876 379
876 380
876 381
876 382
876 383
876 384
876 385
876 386
876 444
876 445
876 446
876 447
876 448
876 449
876 450
876 451
876 452
876 453
876 454
876 455
876 456
876 457
876 458
876 459
876 460
876 461
876 462
876 463
876 464
876 465
876 466
876 467
876 468
877 365
877 366
877 367
877 368
877 369
877 370
877 371
877 372
877 373
877 374
877 375
877 376
877 377
877 378
877 379
877 380
877 381
877 382
877 383
877 384
877 385
877 445
877 446
877 447
877 448
877 449
877 450
877 451
877 452
877 453
877 454
877 455
877 456
877 457
877 458
877 459
877 460
877 461
877 462
877 463
877 464
877 465
877 466
877 467
877 468
878 364
878 365
878 366
878 367
878 368
878 369
878 370
878 371
878 372
878 373
878 374
878 375
878 376
878 377
878 378
878 379
878 380
878 381
878 382
878 383
878 384
878 446
878 447
878 448
878 449
878 450
878 451
878 452
878 453
878 454
878 455
878 456
878 457
878 458
878 459
878 460
878 461
878 462
878 463
878 464
878 465
878 466
878 467
878 468
878 469
879 363
879 364
879 365
879 366
879 367
879 368
879 369
879 370
879 371
879 372
879 373
879 374
879 375
879 376
879 377
879 378
879 379
879 380
879 381
879 382
879 383
879 447
879 448
879 449
879 450
879 451
879 452
879 453
879 454
879 455
879 456
879 457
879 458
879 459
879 460
879 461
879 462
879 463
879 464
879 465
879 466
879 467
879 468
879 469
880 362
880 363
880 364
880 365
880 366
880 367
880 368
880 369
880 370
880 371
880 372
880 373
880 374
880 375
880 376
880 377
880 378
880 379
880 380
880 381
880 382
880 448
880 449
880 450
880 451
880 452
880 453
880 454
880 455
880 456
880 457
880 458
880 459
880 460
880 461
880 462
880 463
880 464
880 465
880 466
880 467
880 468
880 469
880 470
881 362
881 363
881 364
881 365
881 366
881 367
881 368
881 369
881 370
881 371
881 372
881 373
881 374
881 375
881 376
881 377
881 378
881 379
881 380
881 381
881 448
881 449
881 450
881 451
881 452
881 453
881 454
881 455
881 456
881 457
881 458
881 459
881 460
881 461
881 462
881 463
881 464
881 465
881 466
881 467
881 468
881 469
881 470
882 361
882 362
882 363
882 364
882 365
882 366
882 367
882 368
882 369
882 370
882 371
882 372
882 373
882 374
882 375
882 376
882 377
882 378
882 379
882 380
882 450
882 451
882 452
882 453
882 454
882 455
882 456
882 457
882 458
882 459
882 460
882 461
882 462
882 463
882 464
882 465
882 466
882 467
882 468
882 469
882 470
882 471
882 472
883 360
883 361
883 362
883 363
883 364
883 365
883 366
883 367
883 368
883 369
883 370
883 371
883 372
883 373
883 374
883 375
883 376
883 377
883 378
883 379
883 450
883 451
883 452
883 453
883 454
883 455
883 456
883 457
883 458
883 459
883 460
883 461
883 462
883 463
883 464
883 465
883 466
883 467
883 468
883 469
883 470
883 471
883 472
884 359
884 360
884 361
884 362
884 363
884 364
884 365
884 366
884 367
884 368
884 369
884 370
884 371
884 372
884 373
884 374
884 375
884 376
884 377
884 378
884 451
884 452
884 453
884 454
884 455
884 456
884 457
884 458
884 459
884 460
884 461
884 462
884 463
884 464
884 465
884 466
884 467
884 468
884 469
884 470
884 471
884 472
885 358
885 359
885 360
885 361
885 362
885 363
885 364
885 365
885 366
885 367
885 368
885 369
885 370
885 371
885 372
885 373
885 374
885 375
885 376
885 377
885 451
885 452
885 453
885 454
885 455
885 456
885 457
885 458
885 459
885 460
885 461
885 462
885 463
885 464
885 465
885 466
885 467
885 468
885 469
885 470
885 471
885 472
886 357
886 358
886 359
886 360
886 361
886 362
886 363
886 364
886 365
886 366
886 367
886 368
886 369
886 370
886 371
886 372
886 373
886 374
886 375
886 376
886 452
886 453
886 454
886 455
886 456
886 457
886 458
886 459
886 460
886 461
886 462
886 463
886 464
886 465
886 466
886 467
886 468
886 469
886 470
886 471
886 472
887 357
887 358
887 359
887 360
887 361
887 362
887 363
887 364
887 365
887 366
887 367
887 368
887 369
887 370
887 371
887 372
887 373
887 374
887 375
887 453
887 454
887 455
887 456
887 457
887 458
887 459
887 460
887 461
887 462
887 463
887 464
887 465
887 466
887 467
887 468
887 469
887 470
887 471
887 472
888 356
888 357
888 358
888 359
888 360
888 361
888 362
888 363
888 364
888 365
888 366
888 367
888 368
888 369
888 370
888 371
888 372
888 373
888 374
888 454
888 455
888 456
888 457
888 458
888 459
888 460
888 461
888 462
888 463
888 464
888 465
888 466
888 467
888 468
888 469
888 470
888 471
889 355
889 356
889 357
889 358
889 359
889 360
889 361
889 362
889 363
889 364
889 365
889 366
889 367
889 368
889 369
889 370
889 371
889 372
889 373
889 455
889 456
889 457
889 458
889 459
889 460
889 461
889 462
889 463
889 464
889 465
889 466
889 467
889 468
889 469
889 470
889 471
890 354
890 355
890 356
890 357
890 358
890 359
890 360
890 361
890 362
890 363
890 364
890 365
890 366
890 367
890 368
890 369
890 370
890 371
890 372
890 373
890 455
890 456
890 457
890 458
890 459
890 460
890 461
890 462
890 463
890 464
890 465
890 466
890 467
890 468
890 469
890 470
890 471
891 354
891 355
891 356
891 357
891 358
891 359
891 360
891 361
891 362
891 363
891 364
891 365
891 366
891 367
891 368
891 369
891 370
891 371
891 372
891 456
891 457
891 458
891 459
891 460
891 461
891 462
891 463
891 464
891 465
891 466
891 467
891 468
891 469
891 470
891 471
892 354
892 355
892 356
892 357
892 358
892 359
892 360
892 361
892 362
892 363
892 364
892 365
892 366
892 367
892 368
892 369
892 370
892 371
892 457
892 458
892 459
892 460
892 461
892 462
892 463
892 464
892 465
892 466
892 467
892 468
892 469
892 470
892 471
893 352
893 353
893 354
893 355
893 356
893 357
893 358
893 359
893 360
893 361
893 362
893 363
893 364
893 365
893 366
893 367
893 368
893 369
893 370
893 459
893 460
893 461
893 462
893 463
893 464
893 465
893 466
893 467
893 468
893 469
893 470
893 471
894 351
894 352
894 353
894 354
894 355
894 356
894 357
894 358
894 359
894 360
894 361
894 362
894 363
894 364
894 365
894 366
894 367
894 368
894 369
894 460
894 461
894 462
894 463
894 464
894 465
894 466
894 467
894 468
894 469
894 470
894 471
895 351
895 352
895 353
895 354
895 355
895 356
895 357
895 358
895 359
895 360
895 361
895 362
895 363
895 364
895 365
895 366
895 367
895 368
895 461
895 462
895 463
895 464
895 465
895 466
895 467
895 468
895 469
895 470
895 471
896 351
896 352
896 353
896 354
896 355
896 356
896 357
896 358
896 359
896 360
896 361
896 362
896 363
896 364
896 365
896 366
896 367
896 368
896 462
896 463
896 464
896 465
896 466
896 467
896 468
896 469
896 470
896 471
897 351
897 352
897 353
897 354
897 355
897 356
897 357
897 358
897 359
897 360
897 361
897 362
897 363
897 364
897 365
897 366
897 367
897 463
897 464
897 465
897 466
897 467
897 468
897 469
897 470
897 471
898 351
898 352
898 353
898 354
898 355
898 356
898 357
898 358
898 359
898 360
898 361
898 362
898 363
898 364
898 365
898 366
898 464
898 465
898 466
898 467
898 468
898 469
898 470
898 471
899 351
899 352
899 353
899 354
899 355
899 356
899 357
899 358
899 359
899 360
899 361
899 362
899 363
899 364
899 365
899 463
899 464
899 465
899 466
899 467
899 468
899 469
899 470
900 351
900 352
900 353
900 354
900 355
900 356
900 357
900 358
900 359
900 360
900 361
900 362
900 363
900 364
900 463
900 464
900 465
901 351
901 352
901 353
901 354
901 355
901 356
901 357
901 358
901 359
901 360
901 361
901 362
901 363
902 351
902 352
902 353
902 354
902 355
902 356
902 357
902 358
902 359
902 360
902 361
902 362
902 363
903 351
903 352
903 353
903 354
903 355
903 356
903 357
903 358
903 359
903 360
903 361
903 362
904 351
904 352
904 353
904 354
904 355
904 356
904 357
904 358
904 359
904 360
904 361
905 352
905 353
905 354
905 355
905 356
905 357
905 358
905 359
905 360
906 352
906 353
906 354
906 355
906 356
906 357
906 358
906 359
907 352
907 353
907 354
907 355
907 356
907 357
907 358
907 359
908 352
908 353
908 354
908 355
908 356
908 357
909 352
909 353
909 354
909 355
909 356
909 357
910 352
910 353
910 354
910 355
910 356
910 357
911 352
911 353
911 354
911 355
911 356
912 352
912 353
912 354
912 355
912 356
913 352
913 353
913 354
913 355
913 356
914 353
914 354
914 355
915 353
1028 180
1028 181
1028 182
1029 179
1029 180
1029 181
1029 182
1029 183
1030 178
1030 179
1030 180
1030 181
1030 182
1030 183
1031 178
1031 179
1031 180
1031 181
1031 182
1031 183
1032 177
1032 178
1032 179
1032 180
1032 181
1032 182
1032 183
1033 177
1033 178
1033 179
1033 180
1033 181
1033 182
1033 183
1034 176
1034 177
1034 178
1034 179
1034 180
1034 181
1034 182
1034 183
1035 176
1035 177
1035 178
1035 179
1035 180
1035 181
1035 182
1035 183
1036 176
1036 177
1036 178
1036 179
1036 180
1036 181
1036 182
1036 183
1037 176
1037 177
1037 178
1037 179
1037 180
1037 181
1037 182
1037 183
1038 176
1038 177
1038 178
1038 179
1038 180
1038 181
1038 182
1038 183
1039 176
1039 177
1039 178
1039 179
1039 180
1039 181
1039 182
1039 183
1040 175
1040 176
1040 177
1040 178
1040 179
1040 180
1040 181
1040 182
1040 183
1041 175
1041 176
1041 177
1041 178
1041 179
1041 180
1041 181
1041 182
1041 183
1042 175
1042 176
1042 177
1042 178
1042 179
1042 180
1042 181
1042 182
1042 183
1043 174
1043 175
1043 176
1043 177
1043 178
1043 179
1043 180
1043 181
1043 182
1043 183
1044 174
1044 175
1044 176
1044 177
1044 178
1044 179
1044 180
1044 181
1044 182
1044 183
1045 174
1045 175
1045 176
1045 177
1045 178
1045 179
1045 180
1045 181
1045 182
1045 183
1046 175
1046 176
1046 177
1046 178
1046 179
1046 180
1046 181
1046 182
1046 183
1047 175
1047 176
1047 177
1047 178
1047 179
1047 180
1047 181
1047 182
1047 183
1048 175
1048 176
1048 177
1048 178
1048 179
1048 180
1048 181
1048 182
1048 183
1049 173
1049 174
1049 175
1049 176
1049 177
1049 178
1049 179
1049 180
1049 181
1049 182
1049 183
1050 173
1050 174
1050 175
1050 176
1050 177
1050 178
1050 179
1050 180
1050 181
1050 182
1050 183
1051 173
1051 174
1051 175
1051 176
1051 177
1051 178
1051 179
1051 180
1051 181
1051 182
1051 183
1052 173
1052 174
1052 175
1052 176
1052 177
1052 178
1052 179
1052 180
1052 181
1052 182
1052 183
1053 173
1053 174
1053 175
1053 176
1053 177
1053 178
1053 179
1053 180
1053 181
1053 182
1053 183
1054 173
1054 174
1054 175
1054 176
1054 177
1054 178
1054 179
1054 180
1054 181
1054 182
1054 183
1055 173
1055 174
1055 175
1055 176
1055 177
1055 178
1055 179
1055 180
1055 181
1055 182
1055 183
1056 173
1056 174
1056 175
1056 176
1056 177
1056 178
1056 179
1056 180
1056 181
1056 182
1056 183
1057 172
1057 173
1057 174
1057 175
1057 176
1057 177
1057 178
1057 179
1057 180
1057 181
1057 182
1057 183
1058 172
1058 173
1058 174
1058 175
1058 176
1058 177
1058 178
1058 179
1058 180
1058 181
1058 182
1058 183
1059 172
1059 173
1059 174
1059 175
1059 176
1059 177
1059 178
1059 179
1059 180
1059 181
1059 182
1059 183
1060 172
1060 173
1060 174
1060 175
1060 176
1060 177
1060 178
1060 179
1060 180
1060 181
1060 182
1060 183
1061 172
1061 173
1061 174
1061 175
1061 176
1061 177
1061 178
1061 179
1061 180
1061 181
1061 182
1061 183
1062 172
1062 173
1062 174
1062 175
1062 176
1062 177
1062 178
1062 179
1062 180
1062 181
1062 182
1062 183
1063 171
1063 172
1063 173
1063 174
1063 175
1063 176
1063 177
1063 178
1063 179
1063 180
1063 181
1063 182
1063 183
1064 171
1064 172
1064 173
1064 174
1064 175
1064 176
1064 177
1064 178
1064 179
1064 180
1064 181
1064 182
1064 183
1065 171
1065 172
1065 173
1065 174
1065 175
1065 176
1065 177
1065 178
1065 179
1065 180
1065 181
1065 182
1065 183
1066 171
1066 172
1066 173
1066 174
1066 175
1066 176
1066 177
1066 178
1066 179
1066 180
1066 181
1066 182
1066 183
1067 171
1067 172
1067 173
1067 174
1067 175
1067 176
1067 177
1067 178
1067 179
1067 180
1067 181
1067 182
1067 183
1068 171
1068 172
1068 173
1068 174
1068 175
1068 176
1068 177
1068 178
1068 179
1068 180
1068 181
1068 182
1068 183
1069 171
1069 172
1069 173
1069 174
1069 175
1069 176
1069 177
1069 178
1069 179
1069 180
1069 181
1069 182
1069 183
1070 171
1070 172
1070 173
1070 174
1070 175
1070 176
1070 177
1070 178
1070 179
1070 180
1070 181
1070 182
1070 183
1071 170
1071 171
1071 172
1071 173
1071 174
1071 175
1071 176
1071 177
1071 178
1071 179
1071 180
1071 181
1071 182
1071 183
1072 170
1072 171
1072 172
1072 173
1072 174
1072 175
1072 176
1072 177
1072 178
1072 179
1072 180
1072 181
1072 182
1072 183
1073 170
1073 171
1073 172
1073 173
1073 174
1073 175
1073 176
1073 177
1073 178
1073 179
1073 180
1073 181
1073 182
1073 183
1074 170
1074 171
1074 172
1074 173
1074 174
1074 175
1074 176
1074 177
1074 178
1074 179
1074 180
1074 181
1074 182
1075 170
1075 171
1075 172
1075 173
1075 174
1075 175
1075 176
1075 177
1075 178
1075 179
1075 180
1075 181
1075 182
1076 170
1076 171
1076 172
1076 173
1076 174
1076 175
1076 176
1076 177
1076 178
1076 179
1076 180
1076 181
1076 182
1077 169
1077 170
1077 171
1077 172
1077 173
1077 174
1077 175
1077 176
1077 177
1077 178
1077 179
1077 180
1077 181
1077 182
1078 169
1078 170
1078 171
1078 172
1078 173
1078 174
1078 175
1078 176
1078 177
1078 178
1078 179
1078 180
1078 181
1078 182
1079 169
1079 170
1079 171
1079 172
1079 173
1079 174
1079 175
1079 176
1079 177
1079 178
1079 179
1079 180
1079 181
1079 182
1080 169
1080 170
1080 171
1080 172
1080 173
1080 174
1080 175
1080 176
1080 177
1080 178
1080 179
1080 180
1080 181
1080 182
1081 169
1081 170
1081 171
1081 172
1081 173
1081 174
1081 175
1081 176
1081 177
1081 178
1081 179
1081 180
1081 181
1081 182
1082 169
1082 170
1082 171
1082 172
1082 173
1082 174
1082 175
1082 176
1082 177
1082 178
1082 179
1082 180
1082 181
1082 182
1083 169
1083 170
1083 171
1083 172
1083 173
1083 174
1083 175
1083 176
1083 177
1083 178
1083 179
1083 180
1083 181
1083 182
1084 169
1084 170
1084 171
1084 172
1084 173
1084 174
1084 175
1084 176
1084 177
1084 178
1084 179
1084 180
1084 181
1084 182
1085 168
1085 169
1085 170
1085 171
1085 172
1085 173
1085 174
1085 175
1085 176
1085 177
1085 178
1085 179
1085 180
1085 181
1085 182
1086 168
1086 169
1086 170
1086 171
1086 172
1086 173
1086 174
1086 175
1086 176
1086 177
1086 178
1086 179
1086 180
1086 181
1086 182
1087 168
1087 169
1087 170
1087 171
1087 172
1087 173
1087 174
1087 175
1087 176
1087 177
1087 178
1087 179
1087 180
1087 181
1087 182
1088 168
1088 169
1088 170
1088 171
1088 172
1088 173
1088 174
1088 175
1088 176
1088 177
1088 178
1088 179
1088 180
1088 181
1088 182
1089 168
1089 169
1089 170
1089 171
1089 172
1089 173
1089 174
1089 175
1089 176
1089 177
1089 178
1089 179
1089 180
1090 168
1090 169
1090 170
1090 171
1090 172
1090 173
1090 174
1090 175
1090 176
1090 177
1090 178
1090 179
1090 180
1091 168
1091 169
1091 170
1091 171
1091 172
1091 173
1091 174
1091 175
1091 176
1091 177
1091 178
1091 179
1091 180
1092 167
1092 168
1092 169
1092 170
1092 171
1092 172
1092 173
1092 174
1092 175
1092 176
1092 177
1092 178
1092 179
1092 180
1093 167
1093 168
1093 169
1093 170
1093 171
1093 172
1093 173
1093 174
1093 175
1093 176
1093 177
1093 178
1093 179
1093 180
1094 167
1094 168
1094 169
1094 170
1094 171
1094 172
1094 173
1094 174
1094 175
1094 176
1094 177
1094 178
1094 179
1094 180
1095 167
1095 168
1095 169
1095 170
1095 171
1095 172
1095 173
1095 174
1095 175
1095 176
1095 177
1095 178
1095 179
1095 180
1096 167
1096 168
1096 169
1096 170
1096 171
1096 172
1096 173
1096 174
1096 175
1096 176
1096 177
1096 178
1096 179
1096 180
1097 167
1097 168
1097 169
1097 170
1097 171
1097 172
1097 173
1097 174
1097 175
1097 176
1097 177
1097 178
1097 179
1097 180
1098 167
1098 168
1098 169
1098 170
1098 171
1098 172
1098 173
1098 174
1098 175
1098 176
1098 177
1098 178
1098 179
1098 180
1099 166
1099 167
1099 168
1099 169
1099 170
1099 171
1099 172
1099 173
1099 174
1099 175
1099 176
1099 177
1099 178
1099 179
1099 180
1100 166
1100 167
1100 168
1100 169
1100 170
1100 171
1100 172
1100 173
1100 174
1100 175
1100 176
1100 177
1100 178
1100 179
1100 180
1101 166
1101 167
1101 168
1101 169
1101 170
1101 171
1101 172
1101 173
1101 174
1101 175
1101 176
1101 177
1101 178
1101 179
1101 180
1102 166
1102 167
1102 168
1102 169
1102 170
1102 171
1102 172
1102 173
1102 174
1102 175
1102 176
1102 177
1102 178
1102 179
1102 180
1103 166
1103 167
1103 168
1103 169
1103 170
1103 171
1103 172
1103 173
1103 174
1103 175
1103 176
1103 177
1103 178
1103 179
1103 180
1104 166
1104 167
1104 168
1104 169
1104 170
1104 171
1104 172
1104 173
1104 174
1104 175
1104 176
1104 177
1104 178
1104 179
1104 180
1105 166
1105 167
1105 168
1105 169
1105 170
1105 171
1105 172
1105 173
1105 174
1105 175
1105 176
1105 177
1105 178
1105 179
1105 180
1106 165
1106 166
1106 167
1106 168
1106 169
1106 170
1106 171
1106 172
1106 173
1106 174
1106 175
1106 176
1106 177
1106 178
1106 179
1106 180
1107 165
1107 166
1107 167
1107 168
1107 169
1107 170
1107 171
1107 172
1107 173
1107 174
1107 175
1107 176
1107 177
1107 178
1107 179
1107 180
1108 165
1108 166
1108 167
1108 168
1108 169
1108 170
1108 171
1108 172
1108 173
1108 174
1108 175
1108 176
1108 177
1108 178
1108 179
1108 180
1109 165
1109 166
1109 167
1109 168
1109 169
1109 170
1109 171
1109 172
1109 173
1109 174
1109 175
1109 176
1109 177
1109 178
1109 179
1109 180
1110 165
1110 166
1110 167
1110 168
1110 169
1110 170
1110 171
1110 172
1110 173
1110 174
1110 175
1110 176
1110 177
1110 178
1110 179
1110 180
1111 165
1111 166
1111 167
1111 168
1111 169
1111 170
1111 171
1111 172
1111 173
1111 174
1111 175
1111 176
1111 177
1111 178
1111 179
1111 180
1112 165
1112 166
1112 167
1112 168
1112 169
1112 170
1112 171
1112 172
1112 173
1112 174
1112 175
1112 176
1112 177
1112 178
1112 179
1112 180
1113 165
1113 166
1113 167
1113 168
1113 169
1113 170
1113 171
1113 172
1113 173
1113 174
1113 175
1113 176
1113 177
1113 178
1113 179
1113 180
1114 165
1114 166
1114 167
1114 168
1114 169
1114 170
1114 171
1114 172
1114 173
1114 174
1114 175
1114 176
1114 177
1114 178
1114 179
1114 180
1115 165
1115 166
1115 167
1115 168
1115 169
1115 170
1115 171
1115 172
1115 173
1115 174
1115 175
1115 176
1115 177
1115 178
1115 179
1115 180
1116 165
1116 166
1116 167
1116 168
1116 169
1116 170
1116 171
1116 172
1116 173
1116 174
1116 175
1116 176
1116 177
1116 178
1116 179
1116 180
1117 165
1117 166
1117 167
1117 168
1117 169
1117 170
1117 171
1117 172
1117 173
1117 174
1117 175
1117 176
1117 177
1117 178
1117 179
1117 180
1118 165
1118 166
1118 167
1118 168
1118 169
1118 170
1118 171
1118 172
1118 173
1118 174
1118 175
1118 176
1118 177
1118 178
1118 179
1118 180
1119 164
1119 165
1119 166
1119 167
1119 168
1119 169
1119 170
1119 171
1119 172
1119 173
1119 174
1119 175
1119 176
1119 177
1119 178
1119 179
1119 180
1120 164
1120 165
1120 166
1120 167
1120 168
1120 169
1120 170
1120 171
1120 172
1120 173
1120 174
1120 175
1120 176
1120 177
1120 178
1120 179
1120 180
1121 164
1121 165
1121 166
1121 167
1121 168
1121 169
1121 170
1121 171
1121 172
1121 173
1121 174
1121 175
1121 176
1121 177
1121 178
1121 179
1121 180
1122 164
1122 165
1122 166
1122 167
1122 168
1122 169
1122 170
1122 171
1122 172
1122 173
1122 174
1122 175
1122 176
1122 177
1122 178
1122 179
1122 180
1123 164
1123 165
1123 166
1123 167
1123 168
1123 169
1123 170
1123 171
1123 172
1123 173
1123 174
1123 175
1123 176
1123 177
1123 178
1123 179
1123 180
1124 164
1124 165
1124 166
1124 167
1124 168
1124 169
1124 170
1124 171
1124 172
1124 173
1124 174
1124 175
1124 176
1124 177
1124 178
1124 179
1124 180
1125 164
1125 165
1125 166
1125 167
1125 168
1125 169
1125 170
1125 171
1125 172
1125 173
1125 174
1125 175
1125 176
1125 177
1125 178
1125 179
1125 180
1126 163
1126 164
1126 165
1126 166
1126 167
1126 168
1126 169
1126 170
1126 171
1126 172
1126 173
1126 174
1126 175
1126 176
1126 177
1126 178
1126 179
1126 180
1127 163
1127 164
1127 165
1127 166
1127 167
1127 168
1127 169
1127 170
1127 171
1127 172
1127 173
1127 174
1127 175
1127 176
1127 177
1127 178
1127 179
1127 180
1128 163
1128 164
1128 165
1128 166
1128 167
1128 168
1128 169
1128 170
1128 171
1128 172
1128 173
1128 174
1128 175
1128 176
1128 177
1128 178
1128 179
1128 180
1129 163
1129 164
1129 165
1129 166
1129 167
1129 168
1129 169
1129 170
1129 171
1129 172
1129 173
1129 174
1129 175
1129 176
1129 177
1129 178
1129 179
1129 180
1129 640
1130 163
1130 164
1130 165
1130 166
1130 167
1130 168
1130 169
1130 170
1130 171
1130 172
1130 173
1130 174
1130 175
1130 176
1130 177
1130 178
1130 179
1130 180
1130 640
1131 163
1131 164
1131 165
1131 166
1131 167
1131 168
1131 169
1131 170
1131 171
1131 172
1131 173
1131 174
1131 175
1131 176
1131 177
1131 178
1131 179
1131 180
1131 640
1131 641
1132 163
1132 164
1132 165
1132 166
1132 167
1132 168
1132 169
1132 170
1132 171
1132 172
1132 173
1132 174
1132 175
1132 176
1132 177
1132 178
1132 179
1132 180
1132 640
1132 641
1133 163
1133 164
1133 165
1133 166
1133 167
1133 168
1133 169
1133 170
1133 171
1133 172
1133 173
1133 174
1133 175
1133 176
1133 177
1133 178
1133 179
1133 180
1133 640
1133 641
1133 642
1134 163
1134 164
1134 165
1134 166
1134 167
1134 168
1134 169
1134 170
1134 171
1134 172
1134 173
1134 174
1134 175
1134 176
1134 177
1134 178
1134 179
1134 180
1134 640
1134 641
1134 642
1135 163
1135 164
1135 165
1135 166
1135 167
1135 168
1135 169
1135 170
1135 171
1135 172
1135 173
1135 174
1135 175
1135 176
1135 177
1135 178
1135 179
1135 180
1135 640
1135 641
1135 642
1136 162
1136 163
1136 164
1136 165
1136 166
1136 167
1136 168
1136 169
1136 170
1136 171
1136 172
1136 173
1136 174
1136 175
1136 176
1136 177
1136 178
1136 179
1136 180
1136 640
1136 641
1136 642
1136 643
1137 162
1137 163
1137 164
1137 165
1137 166
1137 167
1137 168
1137 169
1137 170
1137 171
1137 172
1137 173
1137 174
1137 175
1137 176
1137 177
1137 178
1137 179
1137 180
1137 640
1137 641
1137 642
1137 643
1138 162
1138 163
1138 164
1138 165
1138 166
1138 167
1138 168
1138 169
1138 170
1138 171
1138 172
1138 173
1138 174
1138 175
1138 176
1138 177
1138 178
1138 179
1138 640
1138 641
1138 642
1138 643
1138 644
1139 162
1139 163
1139 164
1139 165
1139 166
1139 167
1139 168
1139 169
1139 170
1139 171
1139 172
1139 173
1139 174
1139 175
1139 176
1139 177
1139 178
1139 179
1139 640
1139 641
1139 642
1139 643
1139 644
1140 162
1140 163
1140 164
1140 165
1140 166
1140 167
1140 168
1140 169
1140 170
1140 171
1140 172
1140 173
1140 174
1140 175
1140 176
1140 177
1140 178
1140 179
1140 640
1140 641
1140 642
1140 643
1140 644
1141 162
1141 163
1141 164
1141 165
1141 166
1141 167
1141 168
1141 169
1141 170
1141 171
1141 172
1141 173
1141 174
1141 175
1141 176
1141 177
1141 178
1141 179
1141 640
1141 641
1141 642
1141 643
1141 644
1142 162
1142 163
1142 164
1142 165
1142 166
1142 167
1142 168
1142 169
1142 170
1142 171
1142 172
1142 173
1142 174
1142 175
1142 176
1142 177
1142 178
1142 179
1142 640
1142 641
1142 642
1142 643
1142 644
1142 645
1143 162
1143 163
1143 164
1143 165
1143 166
1143 167
1143 168
1143 169
1143 170
1143 171
1143 172
1143 173
1143 174
1143 175
1143 176
1143 177
1143 178
1143 179
1143 640
1143 641
1143 642
1143 643
1143 644
1143 645
1144 162
1144 163
1144 164
1144 165
1144 166
1144 167
1144 168
1144 169
1144 170
1144 171
1144 172
1144 173
1144 174
1144 175
1144 176
1144 177
1144 178
1144 179
1144 640
1144 641
1144 642
1144 643
1144 644
1144 645
1144 646
1145 162
1145 163
1145 164
1145 165
1145 166
1145 167
1145 168
1145 169
1145 170
1145 171
1145 172
1145 173
1145 174
1145 175
1145 176
1145 177
1145 178
1145 179
1145 640
1145 641
1145 642
1145 643
1145 644
1145 645
1145 646
1146 162
1146 163
1146 164
1146 165
1146 166
1146 167
1146 168
1146 169
1146 170
1146 171
1146 172
1146 173
1146 174
1146 175
1146 176
1146 177
1146 178
1146 179
1146 641
1146 642
1146 643
1146 644
1146 645
1146 646
1146 647
1147 162
1147 163
1147 164
1147 165
1147 166
1147 167
1147 168
1147 169
1147 170
1147 171
1147 172
1147 173
1147 174
1147 175
1147 176
1147 177
1147 178
1147 179
1147 641
1147 642
1147 643
1147 644
1147 645
1147 646
1147 647
1148 162
1148 163
1148 164
1148 165
1148 166
1148 167
1148 168
1148 169
1148 170
1148 171
1148 172
1148 173
1148 174
1148 175
1148 176
1148 177
1148 178
1148 179
1148 641
1148 642
1148 643
1148 644
1148 645
1148 646
1148 647
1148 648
1149 162
1149 163
1149 164
1149 165
1149 166
1149 167
1149 168
1149 169
1149 170
1149 171
1149 172
1149 173
1149 174
1149 175
1149 176
1149 177
1149 178
1149 179
1149 641
1149 642
1149 643
1149 644
1149 645
1149 646
1149 647
1149 648
1150 161
1150 162
1150 163
1150 164
1150 165
1150 166
1150 167
1150 168
1150 169
1150 170
1150 171
1150 172
1150 173
1150 174
1150 175
1150 176
1150 177
1150 178
1150 179
1150 641
1150 642
1150 643
1150 644
1150 645
1150 646
1150 647
1150 648
1151 161
1151 162
1151 163
1151 164
1151 165
1151 166
1151 167
1151 168
1151 169
1151 170
1151 171
1151 172
1151 173
1151 174
1151 175
1151 176
1151 177
1151 178
1151 641
1151 642
1151 643
1151 644
1151 645
1151 646
1151 647
1151 648
1152 161
1152 162
1152 163
1152 164
1152 165
1152 166
1152 167
1152 168
1152 169
1152 170
1152 171
1152 172
1152 173
1152 174
1152 175
1152 176
1152 177
1152 178
1152 641
1152 642
1152 643
1152 644
1152 645
1152 646
1152 647
1152 648
1152 649
1153 161
1153 162
1153 163
1153 164
1153 165
1153 166
1153 167
1153 168
1153 169
1153 170
1153 171
1153 172
1153 173
1153 174
1153 175
1153 176
1153 177
1153 178
1153 641
1153 642
1153 643
1153 644
1153 645
1153 646
1153 647
1153 648
1153 649
1154 161
1154 162
1154 163
1154 164
1154 165
1154 166
1154 167
1154 168
1154 169
1154 170
1154 171
1154 172
1154 173
1154 174
1154 175
1154 176
1154 177
1154 178
1154 641
1154 642
1154 643
1154 644
1154 645
1154 646
1154 647
1154 648
1154 649
1154 650
1155 161
1155 162
1155 163
1155 164
1155 165
1155 166
1155 167
1155 168
1155 169
1155 170
1155 171
1155 172
1155 173
1155 174
1155 175
1155 176
1155 177
1155 178
1155 641
1155 642
1155 643
1155 644
1155 645
1155 646
1155 647
1155 648
1155 649
1155 650
1156 161
1156 162
1156 163
1156 164
1156 165
1156 166
1156 167
1156 168
1156 169
1156 170
1156 171
1156 172
1156 173
1156 174
1156 175
1156 176
1156 177
1156 178
1156 641
1156 642
1156 643
1156 644
1156 645
1156 646
1156 647
1156 648
1156 649
1156 650
1157 161
1157 162
1157 163
1157 164
1157 165
1157 166
1157 167
1157 168
1157 169
1157 170
1157 171
1157 172
1157 173
1157 174
1157 175
1157 176
1157 177
1157 178
1157 641
1157 642
1157 643
1157 644
1157 645
1157 646
1157 647
1157 648
1157 649
1157 650
1157 651
1158 161
1158 162
1158 163
1158 164
1158 165
1158 166
1158 167
1158 168
1158 169
1158 170
1158 171
1158 172
1158 173
1158 174
1158 175
1158 176
1158 177
1158 178
1158 641
1158 642
1158 643
1158 644
1158 645
1158 646
1158 647
1158 648
1158 649
1158 650
1158 651
1158 652
1159 161
1159 162
1159 163
1159 164
1159 165
1159 166
1159 167
1159 168
1159 169
1159 170
1159 171
1159 172
1159 173
1159 174
1159 175
1159 176
1159 177
1159 178
1159 641
1159 642
1159 643
1159 644
1159 645
1159 646
1159 647
1159 648
1159 649
1159 650
1159 651
1159 652
1160 161
1160 162
1160 163
1160 164
1160 165
1160 166
1160 167
1160 168
1160 169
1160 170
1160 171
1160 172
1160 173
1160 174
1160 175
1160 176
1160 177
1160 178
1160 641
1160 642
1160 643
1160 644
1160 645
1160 646
1160 647
1160 648
1160 649
1160 650
1160 651
1160 652
1161 161
1161 162
1161 163
1161 164
1161 165
1161 166
1161 167
1161 168
1161 169
1161 170
1161 171
1161 172
1161 173
1161 174
1161 175
1161 176
1161 177
1161 178
1161 641
1161 642
1161 643
1161 644
1161 645
1161 646
1161 647
1161 648
1161 649
1161 650
1161 651
1161 652
1161 653
1162 161
1162 162
1162 163
1162 164
1162 165
1162 166
1162 167
1162 168
1162 169
1162 170
1162 171
1162 172
1162 173
1162 174
1162 175
1162 176
1162 177
1162 178
1162 641
1162 642
1162 643
1162 644
1162 645
1162 646
1162 647
1162 648
1162 649
1162 650
1162 651
1162 652
1162 653
1162 654
1163 161
1163 162
1163 163
1163 164
1163 165
1163 166
1163 167
1163 168
1163 169
1163 170
1163 171
1163 172
1163 173
1163 174
1163 175
1163 176
1163 177
1163 178
1163 641
1163 642
1163 643
1163 644
1163 645
1163 646
1163 647
1163 648
1163 649
1163 650
1163 651
1163 652
1163 653
1163 654
1164 161
1164 162
1164 163
1164 164
1164 165
1164 166
1164 167
1164 168
1164 169
1164 170
1164 171
1164 172
1164 173
1164 174
1164 175
1164 176
1164 177
1164 178
1164 641
1164 642
1164 643
1164 644
1164 645
1164 646
1164 647
1164 648
1164 649
1164 650
1164 651
1164 652
1164 653
1164 654
1164 655
1165 161
1165 162
1165 163
1165 164
1165 165
1165 166
1165 167
1165 168
1165 169
1165 170
1165 171
1165 172
1165 173
1165 174
1165 175
1165 176
1165 177
1165 178
1165 641
1165 642
1165 643
1165 644
1165 645
1165 646
1165 647
1165 648
1165 649
1165 650
1165 651
1165 652
1165 653
1165 654
1165 655
1166 161
1166 162
1166 163
1166 164
1166 165
1166 166
1166 167
1166 168
1166 169
1166 170
1166 171
1166 172
1166 173
1166 174
1166 175
1166 176
1166 177
1166 178
1166 641
1166 642
1166 643
1166 644
1166 645
1166 646
1166 647
1166 648
1166 649
1166 650
1166 651
1166 652
1166 653
1166 654
1166 655
1166 656
1167 160
1167 161
1167 162
1167 163
1167 164
1167 165
1167 166
1167 167
1167 168
1167 169
1167 170
1167 171
1167 172
1167 173
1167 174
1167 175
1167 176
1167 177
1167 178
1167 641
1167 642
1167 643
1167 644
1167 645
1167 646
1167 647
1167 648
1167 649
1167 650
1167 651
1167 652
1167 653
1167 654
1167 655
1167 656
1168 160
1168 161
1168 162
1168 163
1168 164
1168 165
1168 166
1168 167
1168 168
1168 169
1168 170
1168 171
1168 172
1168 173
1168 174
1168 175
1168 176
1168 177
1168 178
1168 642
1168 643
1168 644
1168 645
1168 646
1168 647
1168 648
1168 649
1168 650
1168 651
1168 652
1168 653
1168 654
1168 655
1168 656
1168 657
1169 160
1169 161
1169 162
1169 163
1169 164
1169 165
1169 166
1169 167
1169 168
1169 169
1169 170
1169 171
1169 172
1169 173
1169 174
1169 175
1169 176
1169 177
1169 178
1169 642
1169 643
1169 644
1169 645
1169 646
1169 647
1169 648
1169 649
1169 650
1169 651
1169 652
1169 653
1169 654
1169 655
1169 656
1169 657
1169 658
1170 160
1170 161
1170 162
1170 163
1170 164
1170 165
1170 166
1170 167
1170 168
1170 169
1170 170
1170 171
1170 172
1170 173
1170 174
1170 175
1170 176
1170 177
1170 178
1170 642
1170 643
1170 644
1170 645
1170 646
1170 647
1170 648
1170 649
1170 650
1170 651
1170 652
1170 653
1170 654
1170 655
1170 656
1170 657
1170 658
1170 659
1171 160
1171 161
1171 162
1171 163
1171 164
1171 165
1171 166
1171 167
1171 168
1171 169
1171 170
1171 171
1171 172
1171 173
1171 174
1171 175
1171 176
1171 177
1171 178
1171 642
1171 643
1171 644
1171 645
1171 646
1171 647
1171 648
1171 649
1171 650
1171 651
1171 652
1171 653
1171 654
1171 655
1171 656
1171 657
1171 658
1171 659
1172 160
1172 161
1172 162
1172 163
1172 164
1172 165
1172 166
1172 167
1172 168
1172 169
1172 170
1172 171
1172 172
1172 173
1172 174
1172 175
1172 176
1172 177
1172 178
1172 642
1172 643
1172 644
1172 645
1172 646
1172 647
1172 648
1172 649
1172 650
1172 651
1172 652
1172 653
1172 654
1172 655
1172 656
1172 657
1172 658
1172 659
1173 160
1173 161
1173 162
1173 163
1173 164
1173 165
1173 166
1173 167
1173 168
1173 169
1173 170
1173 171
1173 172
1173 173
1173 174
1173 175
1173 176
1173 177
1173 178
1173 642
1173 643
1173 644
1173 645
1173 646
1173 647
1173 648
1173 649
1173 650
1173 651
1173 652
1173 653
1173 654
1173 655
1173 656
1173 657
1173 658
1173 659
1174 160
1174 161
1174 162
1174 163
1174 164
1174 165
1174 166
1174 167
1174 168
1174 169
1174 170
1174 171
1174 172
1174 173
1174 174
1174 175
1174 176
1174 177
1174 178
1174 642
1174 643
1174 644
1174 645
1174 646
1174 647
1174 648
1174 649
1174 650
1174 651
1174 652
1174 653
1174 654
1174 655
1174 656
1174 657
1174 658
1174 659
1175 160
1175 161
1175 162
1175 163
1175 164
1175 165
1175 166
1175 167
1175 168
1175 169
1175 170
1175 171
1175 172
1175 173
1175 174
1175 175
1175 176
1175 177
1175 178
1175 642
1175 643
1175 644
1175 645
1175 646
1175 647
1175 648
1175 649
1175 650
1175 651
1175 652
1175 653
1175 654
1175 655
1175 656
1175 657
1175 658
1175 659
1176 160
1176 161
1176 162
1176 163
1176 164
1176 165
1176 166
1176 167
1176 168
1176 169
1176 170
1176 171
1176 172
1176 173
1176 174
1176 175
1176 176
1176 177
1176 178
1176 642
1176 643
1176 644
1176 645
1176 646
1176 647
1176 648
1176 649
1176 650
1176 651
1176 652
1176 653
1176 654
1176 655
1176 656
1176 657
1176 658
1176 659
1177 160
1177 161
1177 162
1177 163
1177 164
1177 165
1177 166
1177 167
1177 168
1177 169
1177 170
1177 171
1177 172
1177 173
1177 174
1177 175
1177 176
1177 177
1177 178
1177 642
1177 643
1177 644
1177 645
1177 646
1177 647
1177 648
1177 649
1177 650
1177 651
1177 652
1177 653
1177 654
1177 655
1177 656
1177 657
1177 658
1177 659
1178 160
1178 161
1178 162
1178 163
1178 164
1178 165
1178 166
1178 167
1178 168
1178 169
1178 170
1178 171
1178 172
1178 173
1178 174
1178 175
1178 176
1178 177
1178 178
1178 642
1178 643
1178 644
1178 645
1178 646
1178 647
1178 648
1178 649
1178 650
1178 651
1178 652
1178 653
1178 654
1178 655
1178 656
1178 657
1178 658
1178 659
1179 160
1179 161
1179 162
1179 163
1179 164
1179 165
1179 166
1179 167
1179 168
1179 169
1179 170
1179 171
1179 172
1179 173
1179 174
1179 175
1179 176
1179 177
1179 642
1179 643
1179 644
1179 645
1179 646
1179 647
1179 648
1179 649
1179 650
1179 651
1179 652
1179 653
1179 654
1179 655
1179 656
1179 657
1179 658
1179 659
1180 160
1180 161
1180 162
1180 163
1180 164
1180 165
1180 166
1180 167
1180 168
1180 169
1180 170
1180 171
1180 172
1180 173
1180 174
1180 175
1180 176
1180 177
1180 643
1180 644
1180 645
1180 646
1180 647
1180 648
1180 649
1180 650
1180 651
1180 652
1180 653
1180 654
1180 655
1180 656
1180 657
1180 658
1180 659
1181 160
1181 161
1181 162
1181 163
1181 164
1181 165
1181 166
1181 167
1181 168
1181 169
1181 170
1181 171
1181 172
1181 173
1181 174
1181 175
1181 176
1181 177
1181 643
1181 644
1181 645
1181 646
1181 647
1181 648
1181 649
1181 650
1181 651
1181 652
1181 653
1181 654
1181 655
1181 656
1181 657
1181 658
1181 659
1182 160
1182 161
1182 162
1182 163
1182 164
1182 165
1182 166
1182 167
1182 168
1182 169
1182 170
1182 171
1182 172
1182 173
1182 174
1182 175
1182 176
1182 177
1182 643
1182 644
1182 645
1182 646
1182 647
1182 648
1182 649
1182 650
1182 651
1182 652
1182 653
1182 654
1182 655
1182 656
1182 657
1182 658
1182 659
1183 160
1183 161
1183 162
1183 163
1183 164
1183 165
1183 166
1183 167
1183 168
1183 169
1183 170
1183 171
1183 172
1183 173
1183 174
1183 175
1183 176
1183 177
1183 643
1183 644
1183 645
1183 646
1183 647
1183 648
1183 649
1183 650
1183 651
1183 652
1183 653
1183 654
1183 655
1183 656
1183 657
1183 658
1183 659
1184 160
1184 161
1184 162
1184 163
1184 164
1184 165
1184 166
1184 167
1184 168
1184 169
1184 170
1184 171
1184 172
1184 173
1184 174
1184 175
1184 176
1184 177
1184 643
1184 644
1184 645
1184 646
1184 647
1184 648
1184 649
1184 650
1184 651
1184 652
1184 653
1184 654
1184 655
1184 656
1184 657
1184 658
1184 659
1185 160
1185 161
1185 162
1185 163
1185 164
1185 165
1185 166
1185 167
1185 168
1185 169
1185 170
1185 171
1185 172
1185 173
1185 174
1185 175
1185 176
1185 177
1185 643
1185 644
1185 645
1185 646
1185 647
1185 648
1185 649
1185 650
1185 651
1185 652
1185 653
1185 654
1185 655
1185 656
1185 657
1185 658
1185 659
1186 160
1186 161
1186 162
1186 163
1186 164
1186 165
1186 166
1186 167
1186 168
1186 169
1186 170
1186 171
1186 172
1186 173
1186 174
1186 175
1186 176
1186 177
1186 643
1186 644
1186 645
1186 646
1186 647
1186 648
1186 649
1186 650
1186 651
1186 652
1186 653
1186 654
1186 655
1186 656
1186 657
1186 658
1186 659
1187 160
1187 161
1187 162
1187 163
1187 164
1187 165
1187 166
1187 167
1187 168
1187 169
1187 170
1187 171
1187 172
1187 173
1187 174
1187 175
1187 176
1187 177
1187 643
1187 644
1187 645
1187 646
1187 647
1187 648
1187 649
1187 650
1187 651
1187 652
1187 653
1187 654
1187 655
1187 656
1187 657
1187 658
1187 659
1188 160
1188 161
1188 162
1188 163
1188 164
1188 165
1188 166
1188 167
1188 168
1188 169
1188 170
1188 171
1188 172
1188 173
1188 174
1188 175
1188 176
1188 177
1188 643
1188 644
1188 645
1188 646
1188 647
1188 648
1188 649
1188 650
1188 651
1188 652
1188 653
1188 654
1188 655
1188 656
1188 657
1188 658
1188 659
1188 660
1189 160
1189 161
1189 162
1189 163
1189 164
1189 165
1189 166
1189 167
1189 168
1189 169
1189 170
1189 171
1189 172
1189 173
1189 174
1189 175
1189 176
1189 177
1189 643
1189 644
1189 645
1189 646
1189 647
1189 648
1189 649
1189 650
1189 651
1189 652
1189 653
1189 654
1189 655
1189 656
1189 657
1189 658
1189 659
1189 660
1190 160
1190 161
1190 162
1190 163
1190 164
1190 165
1190 166
1190 167
1190 168
1190 169
1190 170
1190 171
1190 172
1190 173
1190 174
1190 175
1190 176
1190 177
1190 643
1190 644
1190 645
1190 646
1190 647
1190 648
1190 649
1190 650
1190 651
1190 652
1190 653
1190 654
1190 655
1190 656
1190 657
1190 658
1190 659
1190 660
1191 160
1191 161
1191 162
1191 163
1191 164
1191 165
1191 166
1191 167
1191 168
1191 169
1191 170
1191 171
1191 172
1191 173
1191 174
1191 175
1191 176
1191 643
1191 644
1191 645
1191 646
1191 647
1191 648
1191 649
1191 650
1191 651
1191 652
1191 653
1191 654
1191 655
1191 656
1191 657
1191 658
1191 659
1191 660
1192 160
1192 161
1192 162
1192 163
1192 164
1192 165
1192 166
1192 167
1192 168
1192 169
1192 170
1192 171
1192 172
1192 173
1192 174
1192 175
1192 176
1192 643
1192 644
1192 645
1192 646
1192 647
1192 648
1192 649
1192 650
1192 651
1192 652
1192 653
1192 654
1192 655
1192 656
1192 657
1192 658
1192 659
1192 660
1193 160
1193 161
1193 162
1193 163
1193 164
1193 165
1193 166
1193 167
1193 168
1193 169
1193 170
1193 171
1193 172
1193 173
1193 174
1193 175
1193 176
1193 643
1193 644
1193 645
1193 646
1193 647
1193 648
1193 649
1193 650
1193 651
1193 652
1193 653
1193 654
1193 655
1193 656
1193 657
1193 658
1193 659
1193 660
1194 160
1194 161
1194 162
1194 163
1194 164
1194 165
1194 166
1194 167
1194 168
1194 169
1194 170
1194 171
1194 172
1194 173
1194 174
1194 175
1194 176
1194 643
1194 644
1194 645
1194 646
1194 647
1194 648
1194 649
1194 650
1194 651
1194 652
1194 653
1194 654
1194 655
1194 656
1194 657
1194 658
1194 659
1194 660
1194 661
1195 160
1195 161
1195 162
1195 163
1195 164
1195 165
1195 166
1195 167
1195 168
1195 169
1195 170
1195 171
1195 172
1195 173
1195 174
1195 175
1195 176
1195 643
1195 644
1195 645
1195 646
1195 647
1195 648
1195 649
1195 650
1195 651
1195 652
1195 653
1195 654
1195 655
1195 656
1195 657
1195 658
1195 659
1195 660
1195 661
1196 160
1196 161
1196 162
1196 163
1196 164
1196 165
1196 166
1196 167
1196 168
1196 169
1196 170
1196 171
1196 172
1196 173
1196 174
1196 175
1196 176
1196 643
1196 644
1196 645
1196 646
1196 647
1196 648
1196 649
1196 650
1196 651
1196 652
1196 653
1196 654
1196 655
1196 656
1196 657
1196 658
1196 659
1196 660
1196 661
1197 160
1197 161
1197 162
1197 163
1197 164
1197 165
1197 166
1197 167
1197 168
1197 169
1197 170
1197 171
1197 172
1197 173
1197 174
1197 175
1197 176
1197 643
1197 644
1197 645
1197 646
1197 647
1197 648
1197 649
1197 650
1197 651
1197 652
1197 653
1197 654
1197 655
1197 656
1197 657
1197 658
1197 659
1197 660
1197 661
1198 159
1198 160
1198 161
1198 162
1198 163
1198 164
1198 165
1198 166
1198 167
1198 168
1198 169
1198 170
1198 171
1198 172
1198 173
1198 174
1198 175
1198 176
1198 643
1198 644
1198 645
1198 646
1198 647
1198 648
1198 649
1198 650
1198 651
1198 652
1198 653
1198 654
1198 655
1198 656
1198 657
1198 658
1198 659
1198 660
1198 661
1199 159
1199 160
1199 161
1199 162
1199 163
1199 164
1199 165
1199 166
1199 167
1199 168
1199 169
1199 170
1199 171
1199 172
1199 173
1199 174
1199 175
1199 176
1199 643
1199 644
1199 645
1199 646
1199 647
1199 648
1199 649
1199 650
1199 651
1199 652
1199 653
1199 654
1199 655
1199 656
1199 657
1199 658
1199 659
1199 660
1199 661
1200 159
1200 160
1200 161
1200 162
1200 163
1200 164
1200 165
1200 166
1200 167
1200 168
1200 169
1200 170
1200 171
1200 172
1200 173
1200 174
1200 175
1200 176
1200 643
1200 644
1200 645
1200 646
1200 647
1200 648
1200 649
1200 650
1200 651
1200 652
1200 653
1200 654
1200 655
1200 656
1200 657
1200 658
1200 659
1200 660
1200 661
1201 159
1201 160
1201 161
1201 162
1201 163
1201 164
1201 165
1201 166
1201 167
1201 168
1201 169
1201 170
1201 171
1201 172
1201 173
1201 174
1201 175
1201 176
1201 643
1201 644
1201 645
1201 646
1201 647
1201 648
1201 649
1201 650
1201 651
1201 652
1201 653
1201 654
1201 655
1201 656
1201 657
1201 658
1201 659
1201 660
1201 661
1202 159
1202 160
1202 161
1202 162
1202 163
1202 164
1202 165
1202 166
1202 167
1202 168
1202 169
1202 170
1202 171
1202 172
1202 173
1202 174
1202 175
1202 176
1202 644
1202 645
1202 646
1202 647
1202 648
1202 649
1202 650
1202 651
1202 652
1202 653
1202 654
1202 655
1202 656
1202 657
1202 658
1202 659
1202 660
1202 661
1203 159
1203 160
1203 161
1203 162
1203 163
1203 164
1203 165
1203 166
1203 167
1203 168
1203 169
1203 170
1203 171
1203 172
1203 173
1203 174
1203 175
1203 176
1203 644
1203 645
1203 646
1203 647
1203 648
1203 649
1203 650
1203 651
1203 652
1203 653
1203 654
1203 655
1203 656
1203 657
1203 658
1203 659
1203 660
1203 661
1204 159
1204 160
1204 161
1204 162
1204 163
1204 164
1204 165
1204 166
1204 167
1204 168
1204 169
1204 170
1204 171
1204 172
1204 173
1204 174
1204 175
1204 176
1204 644
1204 645
1204 646
1204 647
1204 648
1204 649
1204 650
1204 651
1204 652
1204 653
1204 654
1204 655
1204 656
1204 657
1204 658
1204 659
1204 660
1204 661
1205 159
1205 160
1205 161
1205 162
1205 163
1205 164
1205 165
1205 166
1205 167
1205 168
1205 169
1205 170
1205 171
1205 172
1205 173
1205 174
1205 175
1205 176
1205 644
1205 645
1205 646
1205 647
1205 648
1205 649
1205 650
1205 651
1205 652
1205 653
1205 654
1205 655
1205 656
1205 657
1205 658
1205 659
1205 660
1206 159
1206 160
1206 161
1206 162
1206 163
1206 164
1206 165
1206 166
1206 167
1206 168
1206 169
1206 170
1206 171
1206 172
1206 173
1206 174
1206 175
1206 176
1206 644
1206 645
1206 646
1206 647
1206 648
1206 649
1206 650
1206 651
1206 652
1206 653
1206 654
1206 655
1206 656
1206 657
1206 658
1206 659
1206 660
1207 158
1207 159
1207 160
1207 161
1207 162
1207 163
1207 164
1207 165
1207 166
1207 167
1207 168
1207 169
1207 170
1207 171
1207 172
1207 173
1207 174
1207 175
1207 176
1207 644
1207 645
1207 646
1207 647
1207 648
1207 649
1207 650
1207 651
1207 652
1207 653
1207 654
1207 655
1207 656
1207 657
1207 658
1207 659
1207 660
1208 158
1208 159
1208 160
1208 161
1208 162
1208 163
1208 164
1208 165
1208 166
1208 167
1208 168
1208 169
1208 170
1208 171
1208 172
1208 173
1208 174
1208 175
1208 176
1208 644
1208 645
1208 646
1208 647
1208 648
1208 649
1208 650
1208 651
1208 652
1208 653
1208 654
1208 655
1208 656
1208 657
1208 658
1208 659
1208 660
1209 158
1209 159
1209 160
1209 161
1209 162
1209 163
1209 164
1209 165
1209 166
1209 167
1209 168
1209 169
1209 170
1209 171
1209 172
1209 173
1209 174
1209 175
1209 176
1209 644
1209 645
1209 646
1209 647
1209 648
1209 649
1209 650
1209 651
1209 652
1209 653
1209 654
1209 655
1209 656
1209 657
1209 658
1209 659
1209 660
1210 158
1210 159
1210 160
1210 161
1210 162
1210 163
1210 164
1210 165
1210 166
1210 167
1210 168
1210 169
1210 170
1210 171
1210 172
1210 173
1210 174
1210 175
1210 176
1210 644
1210 645
1210 646
1210 647
1210 648
1210 649
1210 650
1210 651
1210 652
1210 653
1210 654
1210 655
1210 656
1210 657
1210 658
1210 659
1210 660
1211 158
1211 159
1211 160
1211 161
1211 162
1211 163
1211 164
1211 165
1211 166
1211 167
1211 168
1211 169
1211 170
1211 171
1211 172
1211 173
1211 174
1211 175
1211 176
1211 644
1211 645
1211 646
1211 647
1211 648
1211 649
1211 650
1211 651
1211 652
1211 653
1211 654
1211 655
1211 656
1211 657
1211 658
1211 659
1211 660
1212 158
1212 159
1212 160
1212 161
1212 162
1212 163
1212 164
1212 165
1212 166
1212 167
1212 168
1212 169
1212 170
1212 171
1212 172
1212 173
1212 174
1212 175
1212 176
1212 644
1212 645
1212 646
1212 647
1212 648
1212 649
1212 650
1212 651
1212 652
1212 653
1212 654
1212 655
1212 656
1212 657
1212 658
1212 659
1212 660
1213 158
1213 159
1213 160
1213 161
1213 162
1213 163
1213 164
1213 165
1213 166
1213 167
1213 168
1213 169
1213 170
1213 171
1213 172
1213 173
1213 174
1213 175
1213 644
1213 645
1213 646
1213 647
1213 648
1213 649
1213 650
1213 651
1213 652
1213 653
1213 654
1213 655
1213 656
1213 657
1213 658
1213 659
1213 660
1214 158
1214 159
1214 160
1214 161
1214 162
1214 163
1214 164
1214 165
1214 166
1214 167
1214 168
1214 169
1214 170
1214 171
1214 172
1214 173
1214 174
1214 175
1214 644
1214 645
1214 646
1214 647
1214 648
1214 649
1214 650
1214 651
1214 652
1214 653
1214 654
1214 655
1214 656
1214 657
1214 658
1214 659
1214 660
1215 158
1215 159
1215 160
1215 161
1215 162
1215 163
1215 164
1215 165
1215 166
1215 167
1215 168
1215 169
1215 170
1215 171
1215 172
1215 173
1215 174
1215 175
1215 644
1215 645
1215 646
1215 647
1215 648
1215 649
1215 650
1215 651
1215 652
1215 653
1215 654
1215 655
1215 656
1215 657
1215 658
1215 659
1215 660
1216 158
1216 159
1216 160
1216 161
1216 162
1216 163
1216 164
1216 165
1216 166
1216 167
1216 168
1216 169
1216 170
1216 171
1216 172
1216 173
1216 174
1216 175
1216 644
1216 645
1216 646
1216 647
1216 648
1216 649
1216 650
1216 651
1216 652
1216 653
1216 654
1216 655
1216 656
1216 657
1216 658
1216 659
1216 660
1217 158
1217 159
1217 160
1217 161
1217 162
1217 163
1217 164
1217 165
1217 166
1217 167
1217 168
1217 169
1217 170
1217 171
1217 172
1217 173
1217 174
1217 175
1217 644
1217 645
1217 646
1217 647
1217 648
1217 649
1217 650
1217 651
1217 652
1217 653
1217 654
1217 655
1217 656
1217 657
1217 658
1217 659
1217 660
1218 158
1218 159
1218 160
1218 161
1218 162
1218 163
1218 164
1218 165
1218 166
1218 167
1218 168
1218 169
1218 170
1218 171
1218 172
1218 173
1218 174
1218 175
1218 644
1218 645
1218 646
1218 647
1218 648
1218 649
1218 650
1218 651
1218 652
1218 653
1218 654
1218 655
1218 656
1218 657
1218 658
1218 659
1218 660
1219 158
1219 159
1219 160
1219 161
1219 162
1219 163
1219 164
1219 165
1219 166
1219 167
1219 168
1219 169
1219 170
1219 171
1219 172
1219 173
1219 174
1219 175
1219 644
1219 645
1219 646
1219 647
1219 648
1219 649
1219 650
1219 651
1219 652
1219 653
1219 654
1219 655
1219 656
1219 657
1219 658
1219 659
1219 660
1220 158
1220 159
1220 160
1220 161
1220 162
1220 163
1220 164
1220 165
1220 166
1220 167
1220 168
1220 169
1220 170
1220 171
1220 172
1220 173
1220 174
1220 175
1220 644
1220 645
1220 646
1220 647
1220 648
1220 649
1220 650
1220 651
1220 652
1220 653
1220 654
1220 655
1220 656
1220 657
1220 658
1220 659
1220 660
1220 661
1221 158
1221 159
1221 160
1221 161
1221 162
1221 163
1221 164
1221 165
1221 166
1221 167
1221 168
1221 169
1221 170
1221 171
1221 172
1221 173
1221 174
1221 175
1221 644
1221 645
1221 646
1221 647
1221 648
1221 649
1221 650
1221 651
1221 652
1221 653
1221 654
1221 655
1221 656
1221 657
1221 658
1221 659
1221 660
1221 661
1222 158
1222 159
1222 160
1222 161
1222 162
1222 163
1222 164
1222 165
1222 166
1222 167
1222 168
1222 169
1222 170
1222 171
1222 172
1222 173
1222 174
1222 175
1222 644
1222 645
1222 646
1222 647
1222 648
1222 649
1222 650
1222 651
1222 652
1222 653
1222 654
1222 655
1222 656
1222 657
1222 658
1222 659
1222 660
1222 661
1223 158
1223 159
1223 160
1223 161
1223 162
1223 163
1223 164
1223 165
1223 166
1223 167
1223 168
1223 169
1223 170
1223 171
1223 172
1223 173
1223 174
1223 175
1223 644
1223 645
1223 646
1223 647
1223 648
1223 649
1223 650
1223 651
1223 652
1223 653
1223 654
1223 655
1223 656
1223 657
1223 658
1223 659
1223 660
1223 661
1224 158
1224 159
1224 160
1224 161
1224 162
1224 163
1224 164
1224 165
1224 166
1224 167
1224 168
1224 169
1224 170
1224 171
1224 172
1224 173
1224 174
1224 175
1224 644
1224 645
1224 646
1224 647
1224 648
1224 649
1224 650
1224 651
1224 652
1224 653
1224 654
1224 655
1224 656
1224 657
1224 658
1224 659
1224 660
1224 661
1225 158
1225 159
1225 160
1225 161
1225 162
1225 163
1225 164
1225 165
1225 166
1225 167
1225 168
1225 169
1225 170
1225 171
1225 172
1225 173
1225 174
1225 175
1225 644
1225 645
1225 646
1225 647
1225 648
1225 649
1225 650
1225 651
1225 652
1225 653
1225 654
1225 655
1225 656
1225 657
1225 658
1225 659
1225 660
1225 661
1226 158
1226 159
1226 160
1226 161
1226 162
1226 163
1226 164
1226 165
1226 166
1226 167
1226 168
1226 169
1226 170
1226 171
1226 172
1226 173
1226 174
1226 175
1226 644
1226 645
1226 646
1226 647
1226 648
1226 649
1226 650
1226 651
1226 652
1226 653
1226 654
1226 655
1226 656
1226 657
1226 658
1226 659
1226 660
1226 661
1226 662
1227 158
1227 159
1227 160
1227 161
1227 162
1227 163
1227 164
1227 165
1227 166
1227 167
1227 168
1227 169
1227 170
1227 171
1227 172
1227 173
1227 174
1227 175
1227 645
1227 646
1227 647
1227 648
1227 649
1227 650
1227 651
1227 652
1227 653
1227 654
1227 655
1227 656
1227 657
1227 658
1227 659
1227 660
1227 661
1227 662
1228 158
1228 159
1228 160
1228 161
1228 162
1228 163
1228 164
1228 165
1228 166
1228 167
1228 168
1228 169
1228 170
1228 171
1228 172
1228 173
1228 174
1228 175
1228 645
1228 646
1228 647
1228 648
1228 649
1228 650
1228 651
1228 652
1228 653
1228 654
1228 655
1228 656
1228 657
1228 658
1228 659
1228 660
1228 661
1228 662
1229 158
1229 159
1229 160
1229 161
1229 162
1229 163
1229 164
1229 165
1229 166
1229 167
1229 168
1229 169
1229 170
1229 171
1229 172
1229 173
1229 174
1229 175
1229 645
1229 646
1229 647
1229 648
1229 649
1229 650
1229 651
1229 652
1229 653
1229 654
1229 655
1229 656
1229 657
1229 658
1229 659
1229 660
1229 661
1229 662
1230 158
1230 159
1230 160
1230 161
1230 162
1230 163
1230 164
1230 165
1230 166
1230 167
1230 168
1230 169
1230 170
1230 171
1230 172
1230 173
1230 174
1230 175
1230 645
1230 646
1230 647
1230 648
1230 649
1230 650
1230 651
1230 652
1230 653
1230 654
1230 655
1230 656
1230 657
1230 658
1230 659
1230 660
1230 661
1230 662
1231 157
1231 158
1231 159
1231 160
1231 161
1231 162
1231 163
1231 164
1231 165
1231 166
1231 167
1231 168
1231 169
1231 170
1231 171
1231 172
1231 173
1231 174
1231 175
1231 645
1231 646
1231 647
1231 648
1231 649
1231 650
1231 651
1231 652
1231 653
1231 654
1231 655
1231 656
1231 657
1231 658
1231 659
1231 660
1231 661
1231 662
1231 663
1232 157
1232 158
1232 159
1232 160
1232 161
1232 162
1232 163
1232 164
1232 165
1232 166
1232 167
1232 168
1232 169
1232 170
1232 171
1232 172
1232 173
1232 174
1232 175
1232 645
1232 646
1232 647
1232 648
1232 649
1232 650
1232 651
1232 652
1232 653
1232 654
1232 655
1232 656
1232 657
1232 658
1232 659
1232 660
1232 661
1232 662
1232 663
1233 157
1233 158
1233 159
1233 160
1233 161
1233 162
1233 163
1233 164
1233 165
1233 166
1233 167
1233 168
1233 169
1233 170
1233 171
1233 172
1233 173
1233 174
1233 175
1233 645
1233 646
1233 647
1233 648
1233 649
1233 650
1233 651
1233 652
1233 653
1233 654
1233 655
1233 656
1233 657
1233 658
1233 659
1233 660
1233 661
1233 662
1233 663
1234 157
1234 158
1234 159
1234 160
1234 161
1234 162
1234 163
1234 164
1234 165
1234 166
1234 167
1234 168
1234 169
1234 170
1234 171
1234 172
1234 173
1234 174
1234 175
1234 645
1234 646
1234 647
1234 648
1234 649
1234 650
1234 651
1234 652
1234 653
1234 654
1234 655
1234 656
1234 657
1234 658
1234 659
1234 660
1234 661
1234 662
1234 663
1234 664
1235 157
1235 158
1235 159
1235 160
1235 161
1235 162
1235 163
1235 164
1235 165
1235 166
1235 167
1235 168
1235 169
1235 170
1235 171
1235 172
1235 173
1235 174
1235 175
1235 645
1235 646
1235 647
1235 648
1235 649
1235 650
1235 651
1235 652
1235 653
1235 654
1235 655
1235 656
1235 657
1235 658
1235 659
1235 660
1235 661
1235 662
1235 663
1235 664
1236 157
1236 158
1236 159
1236 160
1236 161
1236 162
1236 163
1236 164
1236 165
1236 166
1236 167
1236 168
1236 169
1236 170
1236 171
1236 172
1236 173
1236 174
1236 175
1236 645
1236 646
1236 647
1236 648
1236 649
1236 650
1236 651
1236 652
1236 653
1236 654
1236 655
1236 656
1236 657
1236 658
1236 659
1236 660
1236 661
1236 662
1236 663
1236 664
1237 157
1237 158
1237 159
1237 160
1237 161
1237 162
1237 163
1237 164
1237 165
1237 166
1237 167
1237 168
1237 169
1237 170
1237 171
1237 172
1237 173
1237 174
1237 175
1237 645
1237 646
1237 647
1237 648
1237 649
1237 650
1237 651
1237 652
1237 653
1237 654
1237 655
1237 656
1237 657
1237 658
1237 659
1237 660
1237 661
1237 662
1237 663
1237 664
1237 665
1238 157
1238 158
1238 159
1238 160
1238 161
1238 162
1238 163
1238 164
1238 165
1238 166
1238 167
1238 168
1238 169
1238 170
1238 171
1238 172
1238 173
1238 174
1238 175
1238 645
1238 646
1238 647
1238 648
1238 649
1238 650
1238 651
1238 652
1238 653
1238 654
1238 655
1238 656
1238 657
1238 658
1238 659
1238 660
1238 661
1238 662
1238 663
1238 664
1238 665
1238 666
1238 750
1239 157
1239 158
1239 159
1239 160
1239 161
1239 162
1239 163
1239 164
1239 165
1239 166
1239 167
1239 168
1239 169
1239 170
1239 171
1239 172
1239 173
1239 174
1239 175
1239 645
1239 646
1239 647
1239 648
1239 649
1239 650
1239 651
1239 652
1239 653
1239 654
1239 655
1239 656
1239 657
1239 658
1239 659
1239 660
1239 661
1239 662
1239 663
1239 664
1239 665
1239 666
1239 749
1239 750
1240 157
1240 158
1240 159
1240 160
1240 161
1240 162
1240 163
1240 164
1240 165
1240 166
1240 167
1240 168
1240 169
1240 170
1240 171
1240 172
1240 173
1240 174
1240 175
1240 645
1240 646
1240 647
1240 648
1240 649
1240 650
1240 651
1240 652
1240 653
1240 654
1240 655
1240 656
1240 657
1240 658
1240 659
1240 660
1240 661
1240 662
1240 663
1240 664
1240 665
1240 666
1240 748
1240 749
1241 156
1241 157
1241 158
1241 159
1241 160
1241 161
1241 162
1241 163
1241 164
1241 165
1241 166
1241 167
1241 168
1241 169
1241 170
1241 171
1241 172
1241 173
1241 174
1241 175
1241 645
1241 646
1241 647
1241 648
1241 649
1241 650
1241 651
1241 652
1241 653
1241 654
1241 655
1241 656
1241 657
1241 658
1241 659
1241 660
1241 661
1241 662
1241 663
1241 664
1241 665
1241 666
1241 748
1241 749
1242 156
1242 157
1242 158
1242 159
1242 160
1242 161
1242 162
1242 163
1242 164
1242 165
1242 166
1242 167
1242 168
1242 169
1242 170
1242 171
1242 172
1242 173
1242 174
1242 175
1242 645
1242 646
1242 647
1242 648
1242 649
1242 650
1242 651
1242 652
1242 653
1242 654
1242 655
1242 656
1242 657
1242 658
1242 659
1242 660
1242 661
1242 662
1242 663
1242 664
1242 665
1242 666
1242 667
1242 747
1242 748
1242 749
1243 156
1243 157
1243 158
1243 159
1243 160
1243 161
1243 162
1243 163
1243 164
1243 165
1243 166
1243 167
1243 168
1243 169
1243 170
1243 171
1243 172
1243 173
1243 174
1243 175
1243 646
1243 647
1243 648
1243 649
1243 650
1243 651
1243 652
1243 653
1243 654
1243 655
1243 656
1243 657
1243 658
1243 659
1243 660
1243 661
1243 662
1243 663
1243 664
1243 665
1243 666
1243 667
1243 668
1243 747
1243 748
1244 156
1244 157
1244 158
1244 159
1244 160
1244 161
1244 162
1244 163
1244 164
1244 165
1244 166
1244 167
1244 168
1244 169
1244 170
1244 171
1244 172
1244 173
1244 174
1244 175
1244 646
1244 647
1244 648
1244 649
1244 650
1244 651
1244 652
1244 653
1244 654
1244 655
1244 656
1244 657
1244 658
1244 659
1244 660
1244 661
1244 662
1244 663
1244 664
1244 665
1244 666
1244 667
1244 668
1244 747
1244 748
1245 156
1245 157
1245 158
1245 159
1245 160
1245 161
1245 162
1245 163
1245 164
1245 165
1245 166
1245 167
1245 168
1245 169
1245 170
1245 171
1245 172
1245 173
1245 174
1245 175
1245 646
1245 647
1245 648
1245 649
1245 650
1245 651
1245 652
1245 653
1245 654
1245 655
1245 656
1245 657
1245 658
1245 659
1245 660
1245 661
1245 662
1245 663
1245 664
1245 665
1245 666
1245 667
1245 668
1245 669
1245 745
1245 746
1245 747
1245 748
1246 156
1246 157
1246 158
1246 159
1246 160
1246 161
1246 162
1246 163
1246 164
1246 165
1246 166
1246 167
1246 168
1246 169
1246 170
1246 171
1246 172
1246 173
1246 174
1246 175
1246 646
1246 647
1246 648
1246 649
1246 650
1246 651
1246 652
1246 653
1246 654
1246 655
1246 656
1246 657
1246 658
1246 659
1246 660
1246 661
1246 662
1246 663
1246 664
1246 665
1246 666
1246 667
1246 668
1246 669
1246 744
1246 745
1246 746
1246 747
1247 156
1247 157
1247 158
1247 159
1247 160
1247 161
1247 162
1247 163
1247 164
1247 165
1247 166
1247 167
1247 168
1247 169
1247 170
1247 171
1247 172
1247 173
1247 174
1247 175
1247 646
1247 647
1247 648
1247 649
1247 650
1247 651
1247 652
1247 653
1247 654
1247 655
1247 656
1247 657
1247 658
1247 659
1247 660
1247 661
1247 662
1247 663
1247 664
1247 665
1247 666
1247 667
1247 668
1247 669
1247 670
1247 743
1247 744
1247 745
1247 746
1247 747
1248 156
1248 157
1248 158
1248 159
1248 160
1248 161
1248 162
1248 163
1248 164
1248 165
1248 166
1248 167
1248 168
1248 169
1248 170
1248 171
1248 172
1248 173
1248 174
1248 175
1248 646
1248 647
1248 648
1248 649
1248 650
1248 651
1248 652
1248 653
1248 654
1248 655
1248 656
1248 657
1248 658
1248 659
1248 660
1248 661
1248 662
1248 663
1248 664
1248 665
1248 666
1248 667
1248 668
1248 669
1248 670
1248 671
1248 742
1248 743
1248 744
1248 745
1248 746
1249 156
1249 157
1249 158
1249 159
1249 160
1249 161
1249 162
1249 163
1249 164
1249 165
1249 166
1249 167
1249 168
1249 169
1249 170
1249 171
1249 172
1249 173
1249 174
1249 646
1249 647
1249 648
1249 649
1249 650
1249 651
1249 652
1249 653
1249 654
1249 655
1249 656
1249 657
1249 658
1249 659
1249 660
1249 661
1249 662
1249 663
1249 664
1249 665
1249 666
1249 667
1249 668
1249 669
1249 670
1249 671
1249 741
1249 742
1249 743
1249 744
1249 745
1249 746
1250 156
1250 157
1250 158
1250 159
1250 160
1250 161
1250 162
1250 163
1250 164
1250 165
1250 166
1250 167
1250 168
1250 169
1250 170
1250 171
1250 172
1250 173
1250 174
1250 646
1250 647
1250 648
1250 649
1250 650
1250 651
1250 652
1250 653
1250 654
1250 655
1250 656
1250 657
1250 658
1250 659
1250 660
1250 661
1250 662
1250 663
1250 664
1250 665
1250 666
1250 667
1250 668
1250 669
1250 670
1250 671
1250 672
1250 673
1250 739
1250 740
1250 741
1250 742
1250 743
1250 744
1250 745
1251 155
1251 156
1251 157
1251 158
1251 159
1251 160
1251 161
1251 162
1251 163
1251 164
1251 165
1251 166
1251 167
1251 168
1251 169
1251 170
1251 171
1251 172
1251 173
1251 174
1251 646
1251 647
1251 648
1251 649
1251 650
1251 651
1251 652
1251 653
1251 654
1251 655
1251 656
1251 657
1251 658
1251 659
1251 660
1251 661
1251 662
1251 663
1251 664
1251 665
1251 666
1251 667
1251 668
1251 669
1251 670
1251 671
1251 672
1251 673
1251 674
1251 738
1251 739
1251 740
1251 741
1251 742
1251 743
1251 744
1251 745
1252 154
1252 155
1252 156
1252 157
1252 158
1252 159
1252 160
1252 161
1252 162
1252 163
1252 164
1252 165
1252 166
1252 167
1252 168
1252 169
1252 170
1252 171
1252 172
1252 173
1252 174
1252 646
1252 647
1252 648
1252 649
1252 650
1252 651
1252 652
1252 653
1252 654
1252 655
1252 656
1252 657
1252 658
1252 659
1252 660
1252 661
1252 662
1252 663
1252 664
1252 665
1252 666
1252 667
1252 668
1252 669
1252 670
1252 671
1252 672
1252 673
1252 674
1252 737
1252 738
1252 739
1252 740
1252 741
1252 742
1252 743
1253 154
1253 155
1253 156
1253 157
1253 158
1253 159
1253 160
1253 161
1253 162
1253 163
1253 164
1253 165
1253 166
1253 167
1253 168
1253 169
1253 170
1253 171
1253 172
1253 173
1253 646
1253 647
1253 648
1253 649
1253 650
1253 651
1253 652
1253 653
1253 654
1253 655
1253 656
1253 657
1253 658
1253 659
1253 660
1253 661
1253 662
1253 663
1253 664
1253 665
1253 666
1253 667
1253 668
1253 669
1253 670
1253 671
1253 672
1253 673
1253 674
1253 675
1253 737
1253 738
1253 739
1253 740
1253 741
1253 742
1253 743
1254 154
1254 155
1254 156
1254 157
1254 158
1254 159
1254 160
1254 161
1254 162
1254 163
1254 164
1254 165
1254 166
1254 167
1254 168
1254 169
1254 170
1254 171
1254 172
1254 173
1254 647
1254 648
1254 649
1254 650
1254 651
1254 652
1254 653
1254 654
1254 655
1254 656
1254 657
1254 658
1254 659
1254 660
1254 661
1254 662
1254 663
1254 664
1254 665
1254 666
1254 667
1254 668
1254 669
1254 670
1254 671
1254 672
1254 673
1254 674
1254 675
1254 676
1254 735
1254 736
1254 737
1254 738
1254 739
1254 740
1254 741
1254 742
1255 154
1255 155
1255 156
1255 157
1255 158
1255 159
1255 160
1255 161
1255 162
1255 163
1255 164
1255 165
1255 166
1255 167
1255 168
1255 169
1255 170
1255 171
1255 172
1255 173
1255 647
1255 648
1255 649
1255 650
1255 651
1255 652
1255 653
1255 654
1255 655
1255 656
1255 657
1255 658
1255 659
1255 660
1255 661
1255 662
1255 663
1255 664
1255 665
1255 666
1255 667
1255 668
1255 669
1255 670
1255 671
1255 672
1255 673
1255 674
1255 675
1255 676
1255 677
1255 734
1255 735
1255 736
1255 737
1255 738
1255 739
1255 740
1255 741
1256 154
1256 155
1256 156
1256 157
1256 158
1256 159
1256 160
1256 161
1256 162
1256 163
1256 164
1256 165
1256 166
1256 167
1256 168
1256 169
1256 170
1256 171
1256 172
1256 173
1256 647
1256 648
1256 649
1256 650
1256 651
1256 652
1256 653
1256 654
1256 655
1256 656
1256 657
1256 658
1256 659
1256 660
1256 661
1256 662
1256 663
1256 664
1256 665
1256 666
1256 667
1256 668
1256 669
1256 670
1256 671
1256 672
1256 673
1256 674
1256 675
1256 676
1256 677
1256 678
1256 732
1256 733
1256 734
1256 735
1256 736
1256 737
1256 738
1256 739
1256 740
1257 153
1257 154
1257 155
1257 156
1257 157
1257 158
1257 159
1257 160
1257 161
1257 162
1257 163
1257 164
1257 165
1257 166
1257 167
1257 168
1257 169
1257 170
1257 171
1257 172
1257 173
1257 647
1257 648
1257 649
1257 650
1257 651
1257 652
1257 653
1257 654
1257 655
1257 656
1257 657
1257 658
1257 659
1257 660
1257 661
1257 662
1257 663
1257 664
1257 665
1257 666
1257 667
1257 668
1257 669
1257 670
1257 671
1257 672
1257 673
1257 674
1257 675
1257 676
1257 677
1257 678
1257 679
1257 731
1257 732
1257 733
1257 734
1257 735
1257 736
1257 737
1257 738
1257 739
1258 153
1258 154
1258 155
1258 156
1258 157
1258 158
1258 159
1258 160
1258 161
1258 162
1258 163
1258 164
1258 165
1258 166
1258 167
1258 168
1258 169
1258 170
1258 171
1258 172
1258 173
1258 648
1258 649
1258 650
1258 651
1258 652
1258 653
1258 654
1258 655
1258 656
1258 657
1258 658
1258 659
1258 660
1258 661
1258 662
1258 663
1258 664
1258 665
1258 666
1258 667
1258 668
1258 669
1258 670
1258 671
1258 672
1258 673
1258 674
1258 675
1258 676
1258 677
1258 678
1258 679
1258 680
1258 729
1258 730
1258 731
1258 732
1258 733
1258 734
1258 735
1258 736
1258 737
1258 738
1259 153
1259 154
1259 155
1259 156
1259 157
1259 158
1259 159
1259 160
1259 161
1259 162
1259 163
1259 164
1259 165
1259 166
1259 167
1259 168
1259 169
1259 170
1259 171
1259 172
1259 173
1259 650
1259 651
1259 652
1259 653
1259 654
1259 655
1259 656
1259 657
1259 658
1259 659
1259 660
1259 661
1259 662
1259 663
1259 664
1259 665
1259 666
1259 667
1259 668
1259 669
1259 670
1259 671
1259 672
1259 673
1259 674
1259 675
1259 676
1259 677
1259 678
1259 679
1259 680
1259 681
1259 727
1259 728
1259 729
1259 730
1259 731
1259 732
1259 733
1259 734
1259 735
1259 736
1259 737
1260 153
1260 154
1260 155
1260 156
1260 157
1260 158
1260 159
1260 160
1260 161
1260 162
1260 163
1260 164
1260 165
1260 166
1260 167
1260 168
1260 169
1260 170
1260 171
1260 172
1260 173
1260 651
1260 652
1260 653
1260 654
1260 655
1260 656
1260 657
1260 658
1260 659
1260 660
1260 661
1260 662
1260 663
1260 664
1260 665
1260 666
1260 667
1260 668
1260 669
1260 670
1260 671
1260 672
1260 673
1260 674
1260 675
1260 676
1260 677
1260 678
1260 679
1260 680
1260 681
1260 682
1260 683
1260 726
1260 727
1260 728
1260 729
1260 730
1260 731
1260 732
1260 733
1260 734
1260 735
1260 736
1261 153
1261 154
1261 155
1261 156
1261 157
1261 158
1261 159
1261 160
1261 161
1261 162
1261 163
1261 164
1261 165
1261 166
1261 167
1261 168
1261 169
1261 170
1261 171
1261 172
1261 173
1261 652
1261 653
1261 654
1261 655
1261 656
1261 657
1261 658
1261 659
1261 660
1261 661
1261 662
1261 663
1261 664
1261 665
1261 666
1261 667
1261 668
1261 669
1261 670
1261 671
1261 672
1261 673
1261 674
1261 675
1261 676
1261 677
1261 678
1261 679
1261 680
1261 681
1261 682
1261 683
1261 684
1261 726
1261 727
1261 728
1261 729
1261 730
1261 731
1261 732
1261 733
1261 734
1261 735
1262 153
1262 154
1262 155
1262 156
1262 157
1262 158
1262 159
1262 160
1262 161
1262 162
1262 163
1262 164
1262 165
1262 166
1262 167
1262 168
1262 169
1262 170
1262 171
1262 172
1262 173
1262 654
1262 655
1262 656
1262 657
1262 658
1262 659
1262 660
1262 661
1262 662
1262 663
1262 664
1262 665
1262 666
1262 667
1262 668
1262 669
1262 670
1262 671
1262 672
1262 673
1262 674
1262 675
1262 676
1262 677
1262 678
1262 679
1262 680
1262 681
1262 682
1262 683
1262 684
1262 724
1262 725
1262 726
1262 727
1262 728
1262 729
1262 730
1262 731
1262 732
1262 733
1262 734
1263 153
1263 154
1263 155
1263 156
1263 157
1263 158
1263 159
1263 160
1263 161
1263 162
1263 163
1263 164
1263 165
1263 166
1263 167
1263 168
1263 169
1263 170
1263 171
1263 172
1263 173
1263 655
1263 656
1263 657
1263 658
1263 659
1263 660
1263 661
1263 662
1263 663
1263 664
1263 665
1263 666
1263 667
1263 668
1263 669
1263 670
1263 671
1263 672
1263 673
1263 674
1263 675
1263 676
1263 677
1263 678
1263 679
1263 680
1263 681
1263 682
1263 683
1263 684
1263 685
1263 686
1263 719
1263 720
1263 721
1263 722
1263 723
1263 724
1263 725
1263 726
1263 727
1263 728
1263 729
1263 730
1263 731
1263 732
1263 733
1264 153
1264 154
1264 155
1264 156
1264 157
1264 158
1264 159
1264 160
1264 161
1264 162
1264 163
1264 164
1264 165
1264 166
1264 167
1264 168
1264 169
1264 170
1264 171
1264 172
1264 173
1264 656
1264 657
1264 658
1264 659
1264 660
1264 661
1264 662
1264 663
1264 664
1264 665
1264 666
1264 667
1264 668
1264 669
1264 670
1264 671
1264 672
1264 673
1264 674
1264 675
1264 676
1264 677
1264 678
1264 679
1264 680
1264 681
1264 682
1264 683
1264 684
1264 685
1264 686
1264 687
1264 719
1264 720
1264 721
1264 722
1264 723
1264 724
1264 725
1264 726
1264 727
1264 728
1264 729
1264 730
1264 731
1265 153
1265 154
1265 155
1265 156
1265 157
1265 158
1265 159
1265 160
1265 161
1265 162
1265 163
1265 164
1265 165
1265 166
1265 167
1265 168
1265 169
1265 170
1265 171
1265 172
1265 173
1265 658
1265 659
1265 660
1265 661
1265 662
1265 663
1265 664
1265 665
1265 666
1265 667
1265 668
1265 669
1265 670
1265 671
1265 672
1265 673
1265 674
1265 675
1265 676
1265 677
1265 678
1265 679
1265 680
1265 681
1265 682
1265 683
1265 684
1265 685
1265 686
1265 687
1265 688
1265 689
1265 718
1265 719
1265 720
1265 721
1265 722
1265 723
1265 724
1265 725
1265 726
1265 727
1265 728
1265 729
1265 730
1266 153
1266 154
1266 155
1266 156
1266 157
1266 158
1266 159
1266 160
1266 161
1266 162
1266 163
1266 164
1266 165
1266 166
1266 167
1266 168
1266 169
1266 170
1266 171
1266 172
1266 659
1266 660
1266 661
1266 662
1266 663
1266 664
1266 665
1266 666
1266 667
1266 668
1266 669
1266 670
1266 671
1266 672
1266 673
1266 674
1266 675
1266 676
1266 677
1266 678
1266 679
1266 680
1266 681
1266 682
1266 683
1266 684
1266 685
1266 686
1266 687
1266 688
1266 689
1266 690
1266 691
1266 692
1266 693
1266 694
1266 713
1266 714
1266 715
1266 716
1266 717
1266 718
1266 719
1266 720
1266 721
1266 722
1266 723
1266 724
1266 725
1266 726
1266 727
1266 728
1267 152
1267 153
1267 154
1267 155
1267 156
1267 157
1267 158
1267 159
1267 160
1267 161
1267 162
1267 163
1267 164
1267 165
1267 166
1267 167
1267 168
1267 169
1267 170
1267 171
1267 172
1267 662
1267 663
1267 664
1267 665
1267 666
1267 667
1267 668
1267 669
1267 670
1267 671
1267 672
1267 673
1267 674
1267 675
1267 676
1267 677
1267 678
1267 679
1267 680
1267 681
1267 682
1267 683
1267 684
1267 685
1267 686
1267 687
1267 688
1267 689
1267 690
1267 691
1267 692
1267 693
1267 694
1267 695
1267 696
1267 697
1267 698
1267 699
1267 700
1267 707
1267 708
1267 709
1267 710
1267 711
1267 712
1267 713
1267 714
1267 715
1267 716
1267 717
1267 718
1267 719
1267 720
1267 721
1267 722
1267 723
1267 724
1267 725
1267 726
1268 152
1268 153
1268 154
1268 155
1268 156
1268 157
1268 158
1268 159
1268 160
1268 161
1268 162
1268 163
1268 164
1268 165
1268 166
1268 167
1268 168
1268 169
1268 170
1268 171
1268 172
1268 663
1268 664
1268 665
1268 666
1268 667
1268 668
1268 669
1268 670
1268 671
1268 672
1268 673
1268 674
1268 675
1268 676
1268 677
1268 678
1268 679
1268 680
1268 681
1268 682
1268 683
1268 684
1268 685
1268 686
1268 687
1268 688
1268 689
1268 690
1268 691
1268 692
1268 693
1268 694
1268 695
1268 696
1268 697
1268 698
1268 699
1268 700
1268 701
1268 702
1268 703
1268 704
1268 705
1268 706
1268 707
1268 708
1268 709
1268 710
1268 711
1268 712
1268 713
1268 714
1268 715
1268 716
1268 717
1268 718
1268 719
1268 720
1268 721
1268 722
1268 723
1268 724
1269 152
1269 153
1269 154
1269 155
1269 156
1269 157
1269 158
1269 159
1269 160
1269 161
1269 162
1269 163
1269 164
1269 165
1269 166
1269 167
1269 168
1269 169
1269 170
1269 171
1269 172
1269 665
1269 666
1269 667
1269 668
1269 669
1269 670
1269 671
1269 672
1269 673
1269 674
1269 675
1269 676
1269 677
1269 678
1269 679
1269 680
1269 681
1269 682
1269 683
1269 684
1269 685
1269 686
1269 687
1269 688
1269 689
1269 690
1269 691
1269 692
1269 693
1269 694
1269 695
1269 696
1269 697
1269 698
1269 699
1269 700
1269 701
1269 702
1269 703
1269 704
1269 705
1269 706
1269 707
1269 708
1269 709
1269 710
1269 711
1269 712
1269 713
1269 714
1269 715
1269 716
1269 717
1269 718
1269 719
1269 720
1269 721
1269 722
1270 152
1270 153
1270 154
1270 155
1270 156
1270 157
1270 158
1270 159
1270 160
1270 161
1270 162
1270 163
1270 164
1270 165
1270 166
1270 167
1270 168
1270 169
1270 170
1270 171
1270 172
1270 667
1270 668
1270 669
1270 670
1270 671
1270 672
1270 673
1270 674
1270 675
1270 676
1270 677
1270 678
1270 679
1270 680
1270 681
1270 682
1270 683
1270 684
1270 685
1270 686
1270 687
1270 688
1270 689
1270 690
1270 691
1270 692
1270 693
1270 694
1270 695
1270 696
1270 697
1270 698
1270 699
1270 700
1270 701
1270 702
1270 703
1270 704
1270 705
1270 706
1270 707
1270 708
1270 709
1270 710
1270 711
1270 712
1270 713
1270 714
1270 715
1270 716
1270 717
1270 718
1270 719
1270 720
1270 721
1271 152
1271 153
1271 154
1271 155
1271 156
1271 157
1271 158
1271 159
1271 160
1271 161
1271 162
1271 163
1271 164
1271 165
1271 166
1271 167
1271 168
1271 169
1271 170
1271 171
1271 172
1271 673
1271 674
1271 675
1271 676
1271 677
1271 678
1271 679
1271 680
1271 681
1271 682
1271 683
1271 684
1271 685
1271 686
1271 687
1271 688
1271 689
1271 690
1271 691
1271 692
1271 693
1271 694
1271 695
1271 696
1271 697
1271 698
1271 699
1271 700
1271 701
1271 702
1271 703
1271 704
1271 705
1271 706
1271 707
1271 708
1271 709
1271 710
1271 711
1271 712
1271 713
1271 714
1271 715
1271 716
1271 717
1271 718
1271 719
1272 151
1272 152
1272 153
1272 154
1272 155
1272 156
1272 157
1272 158
1272 159
1272 160
1272 161
1272 162
1272 163
1272 164
1272 165
1272 166
1272 167
1272 168
1272 169
1272 170
1272 171
1272 172
1272 677
1272 678
1272 679
1272 680
1272 681
1272 682
1272 683
1272 684
1272 685
1272 686
1272 687
1272 688
1272 689
1272 690
1272 691
1272 692
1272 693
1272 694
1272 695
1272 696
1272 697
1272 698
1272 699
1272 700
1272 701
1272 702
1272 703
1272 704
1272 705
1272 706
1272 707
1272 708
1272 709
1272 710
1272 711
1272 712
1272 713
1272 714
1273 151
1273 152
1273 153
1273 154
1273 155
1273 156
1273 157
1273 158
1273 159
1273 160
1273 161
1273 162
1273 163
1273 164
1273 165
1273 166
1273 167
1273 168
1273 169
1273 170
1273 171
1273 679
1273 680
1273 681
1273 682
1273 683
1273 684
1273 685
1273 686
1273 687
1273 688
1273 689
1273 690
1273 691
1273 692
1273 693
1273 694
1273 695
1273 696
1273 697
1273 698
1273 699
1273 700
1273 701
1273 702
1273 703
1273 704
1273 705
1273 706
1273 707
1273 708
1273 709
1273 710
1274 151
1274 152
1274 153
1274 154
1274 155
1274 156
1274 157
1274 158
1274 159
1274 160
1274 161
1274 162
1274 163
1274 164
1274 165
1274 166
1274 167
1274 168
1274 169
1274 170
1274 171
1274 689
1274 690
1274 691
1274 692
1274 693
1274 694
1274 695
1274 696
1274 697
1274 698
1274 699
1274 700
1274 701
1274 702
1274 703
1274 704
1275 150
1275 151
1275 152
1275 153
1275 154
1275 155
1275 156
1275 157
1275 158
1275 159
1275 160
1275 161
1275 162
1275 163
1275 164
1275 165
1275 166
1275 167
1275 168
1275 169
1275 170
1275 171
1276 150
1276 151
1276 152
1276 153
1276 154
1276 155
1276 156
1276 157
1276 158
1276 159
1276 160
1276 161
1276 162
1276 163
1276 164
1276 165
1276 166
1276 167
1276 168
1276 169
1276 170
1276 171
1277 149
1277 150
1277 151
1277 152
1277 153
1277 154
1277 155
1277 156
1277 157
1277 158
1277 159
1277 160
1277 161
1277 162
1277 163
1277 164
1277 165
1277 166
1277 167
1277 168
1277 169
1277 170
1277 171
1278 149
1278 150
1278 151
1278 152
1278 153
1278 154
1278 155
1278 156
1278 157
1278 158
1278 159
1278 160
1278 161
1278 162
1278 163
1278 164
1278 165
1278 166
1278 167
1278 168
1278 169
1278 170
1278 171
1279 148
1279 149
1279 150
1279 151
1279 152
1279 153
1279 154
1279 155
1279 156
1279 157
1279 158
1279 159
1279 160
1279 161
1279 162
1279 163
1279 164
1279 165
1279 166
1279 167
1279 168
1279 169
1279 170
1279 171
1280 148
1280 149
1280 150
1280 151
1280 152
1280 153
1280 154
1280 155
1280 156
1280 157
1280 158
1280 159
1280 160
1280 161
1280 162
1280 163
1280 164
1280 165
1280 166
1280 167
1280 168
1280 169
1280 170
1280 171
1281 147
1281 148
1281 149
1281 150
1281 151
1281 152
1281 153
1281 154
1281 155
1281 156
1281 157
1281 158
1281 159
1281 160
1281 161
1281 162
1281 163
1281 164
1281 165
1281 166
1281 167
1281 168
1281 169
1281 170
1281 171
1282 147
1282 148
1282 149
1282 150
1282 151
1282 152
1282 153
1282 154
1282 155
1282 156
1282 157
1282 158
1282 159
1282 160
1282 161
1282 162
1282 163
1282 164
1282 165
1282 166
1282 167
1282 168
1282 169
1282 170
1282 171
1283 146
1283 147
1283 148
1283 149
1283 150
1283 151
1283 152
1283 153
1283 154
1283 155
1283 156
1283 157
1283 158
1283 159
1283 160
1283 161
1283 162
1283 163
1283 164
1283 165
1283 166
1283 167
1283 168
1283 169
1283 170
1283 171
1284 146
1284 147
1284 148
1284 149
1284 150
1284 151
1284 152
1284 153
1284 154
1284 155
1284 156
1284 157
1284 158
1284 159
1284 160
1284 161
1284 162
1284 163
1284 164
1284 165
1284 166
1284 167
1284 168
1284 169
1284 170
1284 171
1285 146
1285 147
1285 148
1285 149
1285 150
1285 151
1285 152
1285 153
1285 154
1285 155
1285 156
1285 157
1285 158
1285 159
1285 160
1285 161
1285 162
1285 163
1285 164
1285 165
1285 166
1285 167
1285 168
1285 169
1285 170
1285 171
1286 145
1286 146
1286 147
1286 148
1286 149
1286 150
1286 151
1286 152
1286 153
1286 154
1286 155
1286 156
1286 157
1286 158
1286 159
1286 160
1286 161
1286 162
1286 163
1286 164
1286 165
1286 166
1286 167
1286 168
1286 169
1286 170
1286 171
1287 145
1287 146
1287 147
1287 148
1287 149
1287 150
1287 151
1287 152
1287 153
1287 154
1287 155
1287 156
1287 157
1287 158
1287 159
1287 160
1287 161
1287 162
1287 163
1287 164
1287 165
1287 166
1287 167
1287 168
1287 169
1287 170
1287 171
1288 144
1288 145
1288 146
1288 147
1288 148
1288 149
1288 150
1288 151
1288 152
1288 153
1288 154
1288 155
1288 156
1288 157
1288 158
1288 159
1288 160
1288 161
1288 162
1288 163
1288 164
1288 165
1288 166
1288 167
1288 168
1288 169
1288 170
1288 171
1289 144
1289 145
1289 146
1289 147
1289 148
1289 149
1289 150
1289 151
1289 152
1289 153
1289 154
1289 155
1289 156
1289 157
1289 158
1289 159
1289 160
1289 161
1289 162
1289 163
1289 164
1289 165
1289 166
1289 167
1289 168
1289 169
1289 170
1289 171
1290 143
1290 144
1290 145
1290 146
1290 147
1290 148
1290 149
1290 150
1290 151
1290 152
1290 153
1290 154
1290 155
1290 156
1290 157
1290 158
1290 159
1290 160
1290 161
1290 162
1290 163
1290 164
1290 165
1290 166
1290 167
1290 168
1290 169
1290 170
1290 171
1291 142
1291 143
1291 144
1291 145
1291 146
1291 147
1291 148
1291 149
1291 150
1291 151
1291 152
1291 153
1291 154
1291 155
1291 156
1291 157
1291 158
1291 159
1291 160
1291 161
1291 162
1291 163
1291 164
1291 165
1291 166
1291 167
1291 168
1291 169
1291 170
1291 171
1292 141
1292 142
1292 143
1292 144
1292 145
1292 146
1292 147
1292 148
1292 149
1292 150
1292 151
1292 152
1292 153
1292 154
1292 155
1292 156
1292 157
1292 158
1292 159
1292 160
1292 161
1292 162
1292 163
1292 164
1292 165
1292 166
1292 167
1292 168
1292 169
1292 170
1292 171
1293 140
1293 141
1293 142
1293 143
1293 144
1293 145
1293 146
1293 147
1293 148
1293 149
1293 150
1293 151
1293 152
1293 153
1293 154
1293 155
1293 156
1293 157
1293 158
1293 159
1293 160
1293 161
1293 162
1293 163
1293 164
1293 165
1293 166
1293 167
1293 168
1293 169
1293 170
1293 171
1294 139
1294 140
1294 141
1294 142
1294 143
1294 144
1294 145
1294 146
1294 147
1294 148
1294 149
1294 150
1294 151
1294 152
1294 153
1294 154
1294 155
1294 156
1294 157
1294 158
1294 159
1294 160
1294 161
1294 162
1294 163
1294 164
1294 165
1294 166
1294 167
1294 168
1294 169
1294 170
1295 139
1295 140
1295 141
1295 142
1295 143
1295 144
1295 145
1295 146
1295 147
1295 148
1295 149
1295 150
1295 151
1295 152
1295 153
1295 154
1295 155
1295 156
1295 157
1295 158
1295 159
1295 160
1295 161
1295 162
1295 163
1295 164
1295 165
1295 166
1295 167
1295 168
1295 169
1295 170
1296 137
1296 138
1296 139
1296 140
1296 141
1296 142
1296 143
1296 144
1296 145
1296 146
1296 147
1296 148
1296 149
1296 150
1296 151
1296 152
1296 153
1296 154
1296 155
1296 156
1296 157
1296 158
1296 159
1296 160
1296 161
1296 162
1296 163
1296 164
1296 165
1296 166
1296 167
1296 168
1296 169
1296 170
1297 136
1297 137
1297 138
1297 139
1297 140
1297 141
1297 142
1297 143
1297 144
1297 145
1297 146
1297 147
1297 148
1297 149
1297 150
1297 151
1297 152
1297 153
1297 154
1297 155
1297 156
1297 157
1297 158
1297 159
1297 160
1297 161
1297 162
1297 163
1297 164
1297 165
1297 166
1297 167
1297 168
1297 169
1297 170
1298 135
1298 136
1298 137
1298 138
1298 139
1298 140
1298 141
1298 142
1298 143
1298 144
1298 145
1298 146
1298 147
1298 148
1298 149
1298 150
1298 151
1298 152
1298 153
1298 154
1298 155
1298 156
1298 157
1298 158
1298 159
1298 160
1298 161
1298 162
1298 163
1298 164
1298 165
1298 166
1298 167
1298 168
1298 169
1298 170
1299 134
1299 135
1299 136
1299 137
1299 138
1299 139
1299 140
1299 141
1299 142
1299 143
1299 144
1299 145
1299 146
1299 147
1299 148
1299 149
1299 150
1299 151
1299 152
1299 153
1299 154
1299 155
1299 156
1299 157
1299 158
1299 159
1299 160
1299 161
1299 162
1299 163
1299 164
1299 165
1299 166
1299 167
1299 168
1299 169
1299 170
1300 133
1300 134
1300 135
1300 136
1300 137
1300 138
1300 139
1300 140
1300 141
1300 142
1300 143
1300 144
1300 145
1300 146
1300 147
1300 148
1300 149
1300 150
1300 151
1300 152
1300 153
1300 154
1300 155
1300 156
1300 157
1300 158
1300 159
1300 160
1300 161
1300 162
1300 163
1300 164
1300 165
1300 166
1300 167
1300 168
1300 169
1300 170
1301 133
1301 134
1301 135
1301 136
1301 137
1301 138
1301 139
1301 140
1301 141
1301 142
1301 143
1301 144
1301 145
1301 146
1301 147
1301 148
1301 149
1301 150
1301 151
1301 152
1301 153
1301 154
1301 155
1301 156
1301 157
1301 158
1301 159
1301 160
1301 161
1301 162
1301 163
1301 164
1301 165
1301 166
1301 167
1301 168
1301 169
1301 170
1302 132
1302 133
1302 134
1302 135
1302 136
1302 137
1302 138
1302 139
1302 140
1302 141
1302 142
1302 143
1302 144
1302 145
1302 146
1302 147
1302 148
1302 149
1302 150
1302 151
1302 152
1302 153
1302 154
1302 155
1302 156
1302 157
1302 158
1302 159
1302 160
1302 161
1302 162
1302 163
1302 164
1302 165
1302 166
1302 167
1302 168
1302 169
1302 170
1303 131
1303 132
1303 133
1303 134
1303 135
1303 136
1303 137
1303 138
1303 139
1303 140
1303 141
1303 142
1303 143
1303 144
1303 145
1303 146
1303 147
1303 148
1303 149
1303 150
1303 151
1303 152
1303 153
1303 154
1303 155
1303 156
1303 157
1303 158
1303 159
1303 160
1303 161
1303 162
1303 163
1303 164
1303 165
1303 166
1303 167
1303 168
1303 169
1303 170
1304 130
1304 131
1304 132
1304 133
1304 134
1304 135
1304 136
1304 137
1304 138
1304 139
1304 140
1304 141
1304 142
1304 143
1304 144
1304 145
1304 146
1304 147
1304 148
1304 149
1304 150
1304 151
1304 152
1304 153
1304 154
1304 155
1304 156
1304 157
1304 158
1304 159
1304 160
1304 161
1304 162
1304 163
1304 164
1304 165
1304 166
1304 167
1304 168
1304 169
1304 170
1305 128
1305 129
1305 130
1305 131
1305 132
1305 133
1305 134
1305 135
1305 136
1305 137
1305 138
1305 139
1305 140
1305 141
1305 142
1305 143
1305 144
1305 145
1305 146
1305 147
1305 148
1305 149
1305 150
1305 151
1305 152
1305 153
1305 154
1305 155
1305 156
1305 157
1305 158
1305 159
1305 160
1305 161
1305 162
1305 163
1305 164
1305 165
1305 166
1305 167
1305 168
1305 169
1305 170
1306 128
1306 129
1306 130
1306 131
1306 132
1306 133
1306 134
1306 135
1306 136
1306 137
1306 138
1306 139
1306 140
1306 141
1306 142
1306 143
1306 144
1306 145
1306 146
1306 147
1306 148
1306 149
1306 150
1306 151
1306 152
1306 153
1306 154
1306 155
1306 156
1306 157
1306 158
1306 159
1306 160
1306 161
1306 162
1306 163
1306 164
1306 165
1306 166
1306 167
1306 168
1306 169
1306 170
1307 130
1307 131
1307 132
1307 133
1307 134
1307 135
1307 136
1307 137
1307 138
1307 139
1307 140
1307 141
1307 142
1307 143
1307 144
1307 145
1307 146
1307 147
1307 148
1307 149
1307 150
1307 151
1307 152
1307 153
1307 154
1307 155
1307 156
1307 157
1307 158
1307 159
1307 160
1307 161
1307 162
1307 163
1307 164
1307 165
1307 166
1307 167
1307 168
1307 169
1307 170
1308 133
1308 134
1308 135
1308 136
1308 137
1308 138
1308 139
1308 140
1308 141
1308 142
1308 143
1308 144
1308 145
1308 146
1308 147
1308 148
1308 149
1308 150
1308 151
1308 152
1308 153
1308 154
1308 155
1308 156
1308 157
1308 158
1308 159
1308 160
1308 161
1308 162
1308 163
1308 164
1308 165
1308 166
1308 167
1308 168
1308 169
1309 136
1309 137
1309 138
1309 139
1309 140
1309 141
1309 142
1309 143
1309 144
1309 145
1309 146
1309 147
1309 148
1309 149
1309 150
1309 151
1309 152
1309 153
1309 154
1309 155
1309 156
1309 157
1309 158
1309 159
1309 160
1309 161
1309 162
1309 163
1309 164
1309 165
1309 166
1309 167
1309 168
1309 169
1310 139
1310 140
1310 141
1310 142
1310 143
1310 144
1310 145
1310 146
1310 147
1310 148
1310 149
1310 150
1310 151
1310 152
1310 153
1310 154
1310 155
1310 156
1310 157
1310 158
1310 159
1310 160
1310 161
1310 162
1310 163
1310 164
1310 165
1310 166
1310 167
1310 168
1310 169
1311 143
1311 144
1311 145
1311 146
1311 147
1311 148
1311 149
1311 150
1311 151
1311 152
1311 153
1311 154
1311 155
1311 156
1311 157
1311 158
1311 159
1311 160
1311 161
1311 162
1311 163
1311 164
1311 165
1311 166
1311 167
1311 168
1311 169
1312 146
1312 147
1312 148
1312 149
1312 150
1312 151
1312 152
1312 153
1312 154
1312 155
1312 156
1312 157
1312 158
1312 159
1312 160
1312 161
1312 162
1312 163
1312 164
1312 165
1312 166
1312 167
1312 168
1312 169
1313 150
1313 151
1313 152
1313 153
1313 154
1313 155
1313 156
1313 157
1313 158
1313 159
1313 160
1313 161
1313 162
1313 163
1313 164
1313 165
1313 166
1313 167
1313 168
1313 169
1314 156
1314 157
1314 158
1314 159
1314 160
1314 161
1314 162
1314 163
1314 164
1314 165
1314 166
1314 167
1314 168
1314 169
1315 160
1315 161
1315 162
1315 163
1315 164
1315 165
1315 166
1315 167
1315 168
1315 169
1316 163
1316 164
1316 165
1316 166
1316 167
1316 168
1316 169
