1138 705
1138 706
1138 707
1138 708
1138 709
1138 710
1138 711
1138 712
1138 713
1138 714
1138 715
1138 716
1138 717
1138 718
1138 719
1139 701
1139 702
1139 703
1139 704
1139 705
1139 706
1139 707
1139 708
1139 709
1139 710
1139 711
1139 712
1139 713
1139 714
1139 715
1139 716
1139 717
1139 718
1139 719
1140 698
1140 699
1140 700
1140 701
1140 702
1140 703
1140 704
1140 705
1140 706
1140 707
1140 708
1140 709
1140 710
1140 711
1140 712
1140 713
1140 714
1140 715
1140 716
1140 717
1140 718
1140 719
1141 695
1141 696
1141 697
1141 698
1141 699
1141 700
1141 701
1141 702
1141 703
1141 704
1141 705
1141 706
1141 707
1141 708
1141 709
1141 710
1141 711
1141 712
1141 713
1141 714
1141 715
1141 716
1141 717
1141 718
1141 719
1142 693
1142 694
1142 695
1142 696
1142 697
1142 698
1142 699
1142 700
1142 701
1142 702
1142 703
1142 704
1142 705
1142 706
1142 707
1142 708
1142 709
1142 710
1142 711
1142 712
1142 713
1142 714
1142 715
1142 716
1142 717
1142 718
1142 719
1143 690
1143 691
1143 692
1143 693
1143 694
1143 695
1143 696
1143 697
1143 698
1143 699
1143 700
1143 701
1143 702
1143 703
1143 704
1143 705
1143 706
1143 707
1143 708
1143 709
1143 710
1143 711
1143 712
1143 713
1143 714
1143 715
1143 716
1143 717
1143 718
1143 719
1144 688
1144 689
1144 690
1144 691
1144 692
1144 693
1144 694
1144 695
1144 696
1144 697
1144 698
1144 699
1144 700
1144 701
1144 702
1144 703
1144 704
1144 705
1144 706
1144 707
1144 708
1144 709
1144 710
1144 711
1144 712
1144 713
1144 714
1144 715
1144 716
1144 717
1144 718
1144 732
1144 733
1145 687
1145 688
1145 689
1145 690
1145 691
1145 692
1145 693
1145 694
1145 695
1145 696
1145 697
1145 698
1145 699
1145 700
1145 701
1145 702
1145 703
1145 704
1145 705
1145 706
1145 707
1145 708
1145 709
1145 710
1145 711
1145 712
1145 713
1145 714
1145 715
1145 716
1145 717
1145 718
1145 732
1145 733
1145 734
1146 685
1146 686
1146 687
1146 688
1146 689
1146 690
1146 691
1146 692
1146 693
1146 694
1146 695
1146 696
1146 697
1146 698
1146 699
1146 700
1146 701
1146 702
1146 703
1146 704
1146 705
1146 706
1146 707
1146 708
1146 709
1146 710
1146 711
1146 712
1146 713
1146 714
1146 715
1146 716
1146 717
1146 732
1146 733
1146 734
1146 735
1147 683
1147 684
1147 685
1147 686
1147 687
1147 688
1147 689
1147 690
1147 691
1147 692
1147 693
1147 694
1147 695
1147 696
1147 697
1147 698
1147 699
1147 700
1147 701
1147 702
1147 703
1147 704
1147 705
1147 706
1147 707
1147 708
1147 709
1147 710
1147 711
1147 712
1147 713
1147 714
1147 715
1147 716
1147 717
1147 732
1147 733
1147 734
1147 735
1147 736
1147 737
1148 682
1148 683
1148 684
1148 685
1148 686
1148 687
1148 688
1148 689
1148 690
1148 691
1148 692
1148 693
1148 694
1148 695
1148 696
1148 697
1148 698
1148 699
1148 700
1148 701
1148 702
1148 703
1148 704
1148 705
1148 706
1148 707
1148 708
1148 710
1148 733
1148 734
1148 735
1148 736
1148 737
1148 738
1149 680
1149 681
1149 682
1149 683
1149 684
1149 685
1149 686
1149 687
1149 688
1149 689
1149 690
1149 691
1149 692
1149 693
1149 694
1149 695
1149 696
1149 697
1149 698
1149 699
1149 700
1149 735
1149 736
1149 737
1149 738
1150 678
1150 679
1150 680
1150 681
1150 682
1150 683
1150 684
1150 685
1150 686
1150 687
1150 688
1150 689
1150 690
1150 691
1150 692
1150 693
1150 694
1150 695
1150 696
1150 697
1150 737
1150 738
1151 677
1151 678
1151 679
1151 680
1151 681
1151 682
1151 683
1151 684
1151 685
1151 686
1151 687
1151 688
1151 689
1151 690
1151 691
1151 692
1151 693
1151 739
1152 676
1152 677
1152 678
1152 679
1152 680
1152 681
1152 682
1152 683
1152 684
1152 685
1152 686
1152 687
1152 688
1152 689
1152 690
1152 691
1152 692
1153 674
1153 675
1153 676
1153 677
1153 678
1153 679
1153 680
1153 681
1153 682
1153 683
1153 684
1153 685
1153 686
1153 687
1153 688
1153 689
1154 673
1154 674
1154 675
1154 676
1154 677
1154 678
1154 679
1154 680
1154 681
1154 682
1154 683
1154 684
1154 685
1154 686
1154 687
1154 688
1154 689
1155 672
1155 673
1155 674
1156 670
1156 671
1156 672
1156 673
1157 669
1157 670
1157 671
1157 672
1157 673
1158 668
1158 669
1158 670
1158 671
1159 667
1159 668
1159 669
1159 670
1160 667
1160 668
1160 669
1161 666
1161 667
1161 668
1162 666
1163 665
1163 666
1164 664
1164 665
1165 663
1165 664
1166 663
1167 661
1167 662
1167 663
1168 661
1168 662
1169 661
1169 662
1170 660
1170 661
1171 660
1171 661
1172 660
1173 660
1192 661
1193 661
1193 662
1194 662
1194 663
1195 662
1195 663
1196 662
1196 663
1196 664
1197 662
1197 663
1197 664
1197 665
1198 662
1198 663
1198 664
1198 665
1198 666
1199 662
1199 663
1199 664
1199 665
1199 666
1199 667
1200 662
1200 663
1200 664
1200 665
1200 666
1200 667
1200 668
1201 662
1201 663
1201 664
1201 665
1201 666
1201 667
1201 668
1201 669
1202 662
1202 663
1202 664
1202 665
1202 666
1202 667
1202 668
1202 669
1203 662
1203 663
1203 664
1203 665
1203 666
1203 667
1203 668
1203 669
1204 662
1204 663
1204 664
1204 665
1204 666
1204 667
1204 668
1204 669
1205 661
1205 662
1205 663
1205 664
1205 665
1205 666
1205 667
1205 668
1205 669
1206 661
1206 662
1206 663
1206 664
1206 665
1206 666
1206 667
1206 668
1206 669
1207 661
1207 662
1207 663
1207 664
1207 665
1207 666
1207 667
1207 668
1208 661
1208 662
1208 663
1208 664
1208 665
1208 666
1208 667
1208 668
1209 661
1209 662
1209 663
1209 664
1209 665
1209 666
1209 667
1209 668
1210 661
1210 662
1210 663
1210 664
1210 665
1210 666
1210 667
1210 668
1211 661
1211 662
1211 663
1211 664
1211 665
1211 666
1211 667
1211 668
1212 661
1212 662
1212 663
1212 664
1212 665
1212 666
1212 667
1212 668
1213 661
1213 662
1213 663
1213 664
1213 665
1213 666
1213 667
1213 668
1214 661
1214 662
1214 663
1214 664
1214 665
1214 666
1214 667
1214 668
1215 661
1215 662
1215 663
1215 664
1215 665
1215 666
1215 667
1215 668
1216 661
1216 662
1216 663
1216 664
1216 665
1216 666
1216 667
1216 668
1217 661
1217 662
1217 663
1217 664
1217 665
1217 666
1217 667
1217 668
1218 661
1218 662
1218 663
1218 664
1218 665
1218 666
1218 667
1218 668
1219 661
1219 662
1219 663
1219 664
1219 665
1219 666
1219 667
1219 668
1220 662
1220 663
1220 664
1220 665
1220 666
1220 667
1220 668
1221 662
1221 663
1221 664
1221 665
1221 666
1221 667
1221 668
1222 662
1222 663
1222 664
1222 665
1222 666
1222 667
1222 668
1223 662
1223 663
1223 664
1223 665
1223 666
1223 667
1223 668
1224 662
1224 663
1224 664
1224 665
1224 666
1224 667
1224 668
1224 669
1225 662
1225 663
1225 664
1225 665
1225 666
1225 667
1225 668
1225 669
1226 663
1226 664
1226 665
1226 666
1226 667
1226 668
1226 669
1227 663
1227 664
1227 665
1227 666
1227 667
1227 668
1227 669
1228 663
1228 664
1228 665
1228 666
1228 667
1228 668
1228 669
1229 663
1229 664
1229 665
1229 666
1229 667
1229 668
1229 669
1229 670
1230 663
1230 664
1230 665
1230 666
1230 667
1230 668
1230 669
1230 670
1231 664
1231 665
1231 666
1231 667
1231 668
1231 669
1231 670
1232 664
1232 665
1232 666
1232 667
1232 668
1232 669
1232 670
1232 671
1233 664
1233 665
1233 666
1233 667
1233 668
1233 669
1233 670
1233 671
1234 665
1234 666
1234 667
1234 668
1234 669
1234 670
1234 671
1234 672
1235 665
1235 666
1235 667
1235 668
1235 669
1235 670
1235 671
1235 672
1236 665
1236 666
1236 667
1236 668
1236 669
1236 670
1236 671
1236 672
1237 666
1237 667
1237 668
1237 669
1237 670
1237 671
1237 672
1237 673
1237 749
1237 750
1238 667
1238 668
1238 669
1238 670
1238 671
1238 672
1238 673
1238 748
1238 749
1239 667
1239 668
1239 669
1239 670
1239 671
1239 672
1239 673
1239 674
1239 747
1239 748
1240 667
1240 668
1240 669
1240 670
1240 671
1240 672
1240 673
1240 674
1240 746
1240 747
1241 667
1241 668
1241 669
1241 670
1241 671
1241 672
1241 673
1241 674
1241 675
1241 746
1241 747
1242 668
1242 669
1242 670
1242 671
1242 672
1242 673
1242 674
1242 675
1242 744
1242 745
1242 746
1243 669
1243 670
1243 671
1243 672
1243 673
1243 674
1243 675
1243 676
1243 744
1243 745
1243 746
1244 669
1244 670
1244 671
1244 672
1244 673
1244 674
1244 675
1244 676
1244 677
1244 743
1244 744
1244 745
1244 746
1245 670
1245 671
1245 672
1245 673
1245 674
1245 675
1245 676
1245 677
1245 742
1245 743
1245 744
1246 670
1246 671
1246 672
1246 673
1246 674
1246 675
1246 676
1246 677
1246 678
1246 741
1246 742
1246 743
1247 671
1247 672
1247 673
1247 674
1247 675
1247 676
1247 677
1247 678
1247 679
1247 740
1247 741
1247 742
1248 672
1248 673
1248 674
1248 675
1248 676
1248 677
1248 678
1248 679
1248 680
1248 739
1248 740
1248 741
1249 672
1249 673
1249 674
1249 675
1249 676
1249 677
1249 678
1249 679
1249 680
1249 681
1249 737
1249 738
1249 739
1249 740
1250 674
1250 675
1250 676
1250 677
1250 678
1250 679
1250 680
1250 681
1250 682
1250 736
1250 737
1251 675
1251 676
1251 677
1251 678
1251 679
1251 680
1251 681
1251 682
1251 683
1251 735
1251 736
1251 737
1252 675
1252 676
1252 677
1252 678
1252 679
1252 680
1252 681
1252 682
1252 683
1252 684
1252 733
1252 734
1252 735
1252 736
1253 676
1253 677
1253 678
1253 679
1253 680
1253 681
1253 682
1253 683
1253 684
1253 685
1253 732
1253 733
1253 734
1253 735
1253 736
1254 677
1254 678
1254 679
1254 680
1254 681
1254 682
1254 683
1254 684
1254 685
1254 686
1254 729
1254 730
1254 731
1254 732
1254 733
1254 734
1255 678
1255 679
1255 680
1255 681
1255 682
1255 683
1255 684
1255 685
1255 686
1255 687
1255 688
1255 728
1255 729
1255 730
1255 731
1255 732
1255 733
1256 679
1256 680
1256 681
1256 682
1256 683
1256 684
1256 685
1256 686
1256 687
1256 688
1256 689
1256 690
1256 727
1256 728
1256 729
1256 730
1256 731
1257 680
1257 681
1257 682
1257 683
1257 684
1257 685
1257 686
1257 687
1257 688
1257 689
1257 690
1257 691
1257 725
1257 726
1257 727
1257 728
1257 729
1257 730
1258 681
1258 682
1258 683
1258 684
1258 685
1258 686
1258 687
1258 688
1258 689
1258 690
1258 691
1258 692
1258 693
1258 694
1258 722
1258 723
1258 724
1258 725
1258 726
1258 727
1258 728
1259 682
1259 683
1259 684
1259 685
1259 686
1259 687
1259 688
1259 689
1259 690
1259 691
1259 692
1259 693
1259 694
1259 695
1259 696
1259 697
1259 717
1259 718
1259 719
1259 720
1259 721
1259 722
1259 723
1259 724
1259 725
1259 726
1260 684
1260 685
1260 686
1260 687
1260 688
1260 689
1260 690
1260 691
1260 692
1260 693
1260 694
1260 695
1260 696
1260 697
1260 698
1260 699
1260 700
1260 701
1260 702
1260 703
1260 704
1260 705
1260 706
1260 707
1260 708
1260 709
1260 710
1260 711
1260 712
1260 713
1260 714
1260 715
1260 716
1260 717
1260 718
1260 719
1260 720
1260 721
1260 722
1260 723
1260 724
1260 725
1261 685
1261 686
1261 687
1261 688
1261 689
1261 690
1261 691
1261 692
1261 693
1261 694
1261 695
1261 696
1261 697
1261 698
1261 699
1261 700
1261 701
1261 702
1261 703
1261 704
1261 705
1261 706
1261 707
1261 708
1261 709
1261 710
1261 711
1261 712
1261 713
1261 714
1261 715
1261 716
1261 717
1261 718
1261 719
1261 720
1261 721
1261 722
1261 723
1261 724
1261 725
1262 685
1262 686
1262 687
1262 688
1262 689
1262 690
1262 691
1262 692
1262 693
1262 694
1262 695
1262 696
1262 697
1262 698
1262 699
1262 700
1262 701
1262 702
1262 703
1262 704
1262 705
1262 706
1262 707
1262 708
1262 709
1262 710
1262 711
1262 712
1262 713
1262 714
1262 715
1262 716
1262 717
1262 718
1262 719
1262 720
1262 721
1262 722
1262 723
1263 687
1263 688
1263 689
1263 690
1263 691
1263 692
1263 693
1263 694
1263 695
1263 696
1263 697
1263 698
1263 699
1263 700
1263 701
1263 702
1263 703
1263 704
1263 705
1263 706
1263 707
1263 708
1263 709
1263 710
1263 711
1263 712
1263 713
1263 714
1263 715
1263 716
1263 717
1263 718
1264 688
1264 689
1264 690
1264 691
1264 692
1264 693
1264 694
1264 695
1264 696
1264 697
1264 698
1264 699
1264 700
1264 701
1264 702
1264 703
1264 704
1264 705
1264 706
1264 707
1264 708
1264 709
1264 710
1264 711
1264 712
1264 713
1264 714
1264 715
1264 716
1264 717
1264 718
1265 690
1265 691
1265 692
1265 693
1265 694
1265 695
1265 696
1265 697
1265 698
1265 699
1265 700
1265 701
1265 702
1265 703
1265 704
1265 705
1265 706
1265 707
1265 708
1265 709
1265 710
1265 711
1265 712
1265 713
1265 714
1265 715
1265 716
1265 717
1266 695
1266 696
1266 697
1266 698
1266 699
1266 700
1266 701
1266 702
1266 703
1266 704
1266 705
1266 706
1266 707
1266 708
1266 709
1266 710
1266 711
1267 701
1267 702
1267 703
1267 704
1267 705
1267 706
1299 108
1299 109
1300 108
1300 109
1300 110
1300 111
1300 112
1300 113
1301 108
1301 109
1301 110
1301 111
1301 112
1301 113
1301 114
1301 115
1302 108
1302 109
1302 110
1302 111
1302 112
1302 113
1302 114
1302 115
1302 116
1302 117
1303 108
1303 109
1303 110
1303 111
1303 112
1303 113
1303 114
1303 115
1303 116
1303 117
1303 118
1303 119
1303 120
1304 108
1304 109
1304 110
1304 111
1304 112
1304 113
1304 114
1304 115
1304 116
1304 117
1304 118
1304 119
1304 120
1304 121
1304 122
1304 123
1305 108
1305 109
1305 110
1305 111
1305 112
1305 113
1305 114
1305 115
1305 116
1305 117
1305 118
1305 119
1305 120
1305 121
1305 122
1305 123
1305 124
1305 125
1305 126
1306 108
1306 109
1306 110
1306 111
1306 112
1306 113
1306 114
1306 115
1306 116
1306 117
1306 118
1306 119
1306 120
1306 121
1306 122
1306 123
1306 124
1306 125
1306 126
1306 127
1307 108
1307 109
1307 110
1307 111
1307 112
1307 113
1307 114
1307 115
1307 116
1307 117
1307 118
1307 119
1307 120
1307 121
1307 122
1307 123
1307 124
1307 125
1307 126
1307 127
1307 128
1307 129
1308 108
1308 109
1308 110
1308 111
1308 112
1308 113
1308 114
1308 115
1308 116
1308 117
1308 118
1308 119
1308 120
1308 121
1308 122
1308 123
1308 124
1308 125
1308 126
1308 127
1308 128
1308 129
1308 130
1308 131
1308 132
1309 108
1309 109
1309 110
1309 111
1309 112
1309 113
1309 114
1309 115
1309 116
1309 117
1309 118
1309 119
1309 120
1309 121
1309 122
1309 123
1309 124
1309 125
1309 126
1309 127
1309 128
1309 129
1309 130
1309 131
1309 132
1309 133
1309 134
1309 135
1310 108
1310 109
1310 110
1310 111
1310 112
1310 113
1310 114
1310 115
1310 116
1310 117
1310 118
1310 119
1310 120
1310 121
1310 122
1310 123
1310 124
1310 125
1310 126
1310 127
1310 128
1310 129
1310 130
1310 131
1310 132
1310 133
1310 134
1310 135
1310 136
1310 137
1310 138
1311 108
1311 109
1311 110
1311 111
1311 112
1311 113
1311 114
1311 115
1311 116
1311 117
1311 118
1311 119
1311 120
1311 121
1311 122
1311 123
1311 124
1311 125
1311 126
1311 127
1311 128
1311 129
1311 130
1311 131
1311 132
1311 133
1311 134
1311 135
1311 136
1311 137
1311 138
1311 139
1311 140
1311 141
1311 142
1312 108
1312 109
1312 110
1312 111
1312 112
1312 113
1312 114
1312 115
1312 116
1312 117
1312 118
1312 119
1312 120
1312 121
1312 122
1312 123
1312 124
1312 125
1312 126
1312 127
1312 128
1312 129
1312 130
1312 131
1312 132
1312 133
1312 134
1312 135
1312 136
1312 137
1312 138
1312 139
1312 140
1312 141
1312 142
1312 143
1312 144
1312 145
1313 108
1313 109
1313 110
1313 111
1313 112
1313 113
1313 114
1313 115
1313 116
1313 117
1313 118
1313 119
1313 120
1313 121
1313 122
1313 123
1313 124
1313 125
1313 126
1313 127
1313 128
1313 129
1313 130
1313 131
1313 132
1313 133
1313 134
1313 135
1313 136
1313 137
1313 138
1313 139
1313 140
1313 141
1313 142
1313 143
1313 144
1313 145
1313 146
1313 147
1313 148
1313 149
1314 108
1314 109
1314 110
1314 111
1314 112
1314 113
1314 114
1314 115
1314 116
1314 117
1314 118
1314 119
1314 120
1314 121
1314 122
1314 123
1314 124
1314 125
1314 126
1314 127
1314 128
1314 129
1314 130
1314 131
1314 132
1314 133
1314 134
1314 135
1314 136
1314 137
1314 138
1314 139
1314 140
1314 141
1314 142
1314 143
1314 144
1314 145
1314 146
1314 147
1314 148
1314 149
1314 150
1314 151
1314 152
1314 153
1314 154
1314 155
1315 108
1315 109
1315 110
1315 111
1315 112
1315 113
1315 114
1315 115
1315 116
1315 117
1315 118
1315 119
1315 120
1315 121
1315 122
1315 123
1315 124
1315 125
1315 126
1315 127
1315 128
1315 129
1315 130
1315 131
1315 132
1315 133
1315 134
1315 135
1315 136
1315 137
1315 138
1315 139
1315 140
1315 141
1315 142
1315 143
1315 144
1315 145
1315 146
1315 147
1315 148
1315 149
1315 150
1315 151
1315 152
1315 153
1315 154
1315 155
1315 156
1315 157
1315 158
1315 159
1316 108
1316 109
1316 110
1316 111
1316 112
1316 113
1316 114
1316 115
1316 116
1316 117
1316 118
1316 119
1316 120
1316 121
1316 122
1316 123
1316 124
1316 125
1316 126
1316 127
1316 128
1316 129
1316 130
1316 131
1316 132
1316 133
1316 134
1316 135
1316 136
1316 137
1316 138
1316 139
1316 140
1316 141
1316 142
1316 143
1316 144
1316 145
1316 146
1316 147
1316 148
1316 149
1316 150
1316 151
1316 152
1316 153
1316 154
1316 155
1316 156
1316 157
1316 158
1316 159
1316 160
1316 161
1316 162
1317 108
1317 109
1317 110
1317 111
1317 112
1317 113
1317 114
1317 115
1317 116
1317 117
1317 118
1317 119
1317 120
1317 121
1317 122
1317 123
1317 124
1317 125
1317 126
1317 127
1317 128
1317 129
1317 130
1317 131
1317 132
1317 133
1317 134
1317 135
1317 136
1317 137
1317 138
1317 139
1317 140
1317 141
1317 142
1317 143
1317 144
1317 145
1317 146
1317 147
1317 148
1317 149
1317 150
1317 151
1317 152
1317 153
1317 154
1317 155
1317 156
1317 157
1317 158
1317 159
1317 160
1317 161
1317 162
1317 163
1317 164
1317 165
1317 166
1317 167
1317 168
1317 169
1318 108
1318 109
1318 110
1318 111
1318 112
1318 113
1318 114
1318 115
1318 116
1318 117
1318 118
1318 119
1318 120
1318 121
1318 122
1318 123
1318 124
1318 125
1318 126
1318 127
1318 128
1318 129
1318 130
1318 131
1318 132
1318 133
1318 134
1318 135
1318 136
1318 137
1318 138
1318 139
1318 140
1318 141
1318 142
1318 143
1318 144
1318 145
1318 146
1318 147
1318 148
1318 149
1318 150
1318 151
1318 152
1318 153
1318 154
1318 155
1318 156
1318 157
1318 158
1318 159
1318 160
1318 161
1318 162
1318 163
1318 164
1318 165
1318 166
1318 167
1318 168
1318 169
1319 108
1319 109
1319 110
1319 111
1319 112
1319 113
1319 114
1319 115
1319 116
1319 117
1319 118
1319 119
1319 120
1319 121
1319 122
1319 123
1319 124
1319 125
1319 126
1319 127
1319 128
1319 129
1319 130
1319 131
1319 132
1319 133
1319 134
1319 135
1319 136
1319 137
1319 138
1319 139
1319 140
1319 141
1319 142
1319 143
1319 144
1319 145
1319 146
1319 147
1319 148
1319 149
1319 150
1319 151
1319 152
1319 153
1319 154
1319 155
1319 156
1319 157
1319 158
1319 159
1319 160
1319 161
1319 162
1319 163
1319 164
1319 165
1319 166
1319 167
1319 168
1319 169
1320 108
1320 109
1320 110
1320 111
1320 112
1320 113
1320 114
1320 115
1320 116
1320 117
1320 118
1320 119
1320 120
1320 121
1320 122
1320 123
1320 124
1320 125
1320 126
1320 127
1320 128
1320 129
1320 130
1320 131
1320 132
1320 133
1320 134
1320 135
1320 136
1320 137
1320 138
1320 139
1320 140
1320 141
1320 142
1320 143
1320 144
1320 145
1320 146
1320 147
1320 148
1320 149
1320 150
1320 151
1320 152
1320 153
1320 154
1320 155
1320 156
1320 157
1320 158
1320 159
1320 160
1320 161
1320 162
1320 163
1320 164
1320 165
1320 166
1320 167
1320 168
1320 169
1321 108
1321 109
1321 110
1321 111
1321 112
1321 113
1321 114
1321 115
1321 116
1321 117
1321 118
1321 119
1321 120
1321 121
1321 122
1321 123
1321 124
1321 125
1321 126
1321 127
1321 128
1321 129
1321 130
1321 131
1321 132
1321 133
1321 134
1321 135
1321 136
1321 137
1321 138
1321 139
1321 140
1321 141
1321 142
1321 143
1321 144
1321 145
1321 146
1321 147
1321 148
1321 149
1321 150
1321 151
1321 152
1321 153
1321 154
1321 155
1321 156
1321 157
1321 158
1321 159
1321 160
1321 161
1321 162
1321 163
1321 164
1321 165
1321 166
1321 167
1321 168
1321 169
1322 108
1322 109
1322 110
1322 111
1322 112
1322 113
1322 114
1322 115
1322 116
1322 117
1322 118
1322 119
1322 120
1322 121
1322 122
1322 123
1322 124
1322 125
1322 126
1322 127
1322 128
1322 129
1322 130
1322 131
1322 132
1322 133
1322 134
1322 135
1322 136
1322 137
1322 138
1322 139
1322 140
1322 141
1322 142
1322 143
1322 144
1322 145
1322 146
1322 147
1322 148
1322 149
1322 150
1322 151
1322 152
1322 153
1322 154
1322 155
1322 156
1322 157
1322 158
1322 159
1322 160
1322 161
1322 162
1322 163
1322 164
1322 165
1322 166
1322 167
1322 168
1322 169
1323 108
1323 109
1323 110
1323 111
1323 112
1323 113
1323 114
1323 115
1323 116
1323 117
1323 118
1323 119
1323 120
1323 121
1323 122
1323 123
1323 124
1323 125
1323 126
1323 127
1323 128
1323 129
1323 130
1323 131
1323 132
1323 133
1323 134
1323 135
1323 136
1323 137
1323 138
1323 139
1323 140
1323 141
1323 142
1323 143
1323 144
1323 145
1323 146
1323 147
1323 148
1323 149
1323 150
1323 151
1323 152
1323 153
1323 154
1323 155
1323 156
1323 157
1323 158
1323 159
1323 160
1323 161
1323 162
1323 163
1323 164
1323 165
1323 166
1323 167
1323 168
1323 169
1324 108
1324 109
1324 110
1324 111
1324 112
1324 113
1324 114
1324 115
1324 116
1324 117
1324 118
1324 119
1324 120
1324 121
1324 122
1324 123
1324 124
1324 125
1324 126
1324 127
1324 128
1324 129
1324 130
1324 131
1324 132
1324 133
1324 134
1324 135
1324 136
1324 137
1324 138
1324 139
1324 140
1324 141
1324 142
1324 143
1324 144
1324 145
1324 146
1324 147
1324 148
1324 149
1324 150
1324 151
1324 152
1324 153
1324 154
1324 155
1324 156
1324 157
1324 158
1324 159
1324 160
1324 161
1324 162
1324 163
1324 164
1324 165
1324 166
1324 167
1324 168
1324 169
1325 108
1325 109
1325 110
1325 111
1325 112
1325 113
1325 114
1325 115
1325 116
1325 117
1325 118
1325 119
1325 120
1325 121
1325 122
1325 123
1325 124
1325 125
1325 126
1325 127
1325 128
1325 129
1325 130
1325 131
1325 132
1325 133
1325 134
1325 135
1325 136
1325 137
1325 138
1325 139
1325 140
1325 141
1325 142
1325 143
1325 144
1325 145
1325 146
1325 147
1325 148
1325 149
1325 150
1325 151
1325 152
1325 153
1325 154
1325 155
1325 156
1325 157
1325 158
1325 159
1325 160
1325 161
1325 162
1325 163
1325 164
1325 165
1325 166
1325 167
1325 168
1325 169
1326 108
1326 109
1326 110
1326 111
1326 112
1326 113
1326 114
1326 115
1326 116
1326 117
1326 118
1326 119
1326 120
1326 121
1326 122
1326 123
1326 124
1326 125
1326 126
1326 127
1326 128
1326 129
1326 130
1326 131
1326 132
1326 133
1326 134
1326 135
1326 136
1326 137
1326 138
1326 139
1326 140
1326 141
1326 142
1326 143
1326 144
1326 145
1326 146
1326 147
1326 148
1326 149
1326 150
1326 151
1326 152
1326 153
1326 154
1326 155
1326 156
1326 157
1326 158
1326 159
1326 160
1326 161
1326 162
1326 163
1326 164
1326 165
1326 166
1326 167
1326 168
1326 169
1327 108
1327 109
1327 110
1327 111
1327 112
1327 113
1327 114
1327 115
1327 116
1327 117
1327 118
1327 119
1327 120
1327 121
1327 122
1327 123
1327 124
1327 125
1327 126
1327 127
1327 128
1327 129
1327 130
1327 131
1327 132
1327 133
1327 134
1327 135
1327 136
1327 137
1327 138
1327 139
1327 140
1327 141
1327 142
1327 143
1327 144
1327 145
1327 146
1327 147
1327 148
1327 149
1327 150
1327 151
1327 152
1327 153
1327 154
1327 155
1327 156
1327 157
1327 158
1327 159
1327 160
1327 161
1327 162
1327 163
1327 164
1327 165
1327 166
1327 167
1327 168
1328 109
1328 110
1328 111
1328 112
1328 113
1328 114
1328 115
1328 116
1328 117
1328 118
1328 119
1328 120
1328 121
1328 122
1328 123
1328 124
1328 125
1328 126
1328 127
1328 128
1328 129
1328 130
1328 131
1328 132
1328 133
1328 134
1328 135
1328 136
1328 137
1328 138
1328 139
1328 140
1328 141
1328 142
1328 143
1328 144
1328 145
1328 146
1328 147
1328 148
1328 149
1328 150
1328 151
1328 152
1328 153
1328 154
1328 155
1328 156
1328 157
1328 158
1328 159
1328 160
1328 161
1328 162
1328 163
1328 164
1328 165
1328 166
1328 167
1328 168
1329 109
1329 110
1329 111
1329 112
1329 113
1329 114
1329 115
1329 116
1329 117
1329 118
1329 119
1329 120
1329 121
1329 122
1329 123
1329 124
1329 125
1329 126
1329 127
1329 128
1329 129
1329 130
1329 131
1329 132
1329 133
1329 134
1329 135
1329 136
1329 137
1329 138
1329 139
1329 140
1329 141
1329 142
1329 143
1329 144
1329 145
1329 146
1329 147
1329 148
1329 149
1329 150
1329 151
1329 152
1329 153
1329 154
1329 155
1329 156
1329 157
1329 158
1329 159
1329 160
1329 161
1329 162
1329 163
1329 164
1329 165
1329 166
1329 167
1329 168
1330 109
1330 110
1330 111
1330 112
1330 113
1330 114
1330 115
1330 116
1330 117
1330 118
1330 119
1330 120
1330 121
1330 122
1330 123
1330 124
1330 125
1330 126
1330 127
1330 128
1330 129
1330 130
1330 131
1330 132
1330 133
1330 134
1330 135
1330 136
1330 137
1330 138
1330 139
1330 140
1330 141
1330 142
1330 143
1330 144
1330 145
1330 146
1330 147
1330 148
1330 149
1330 150
1330 151
1330 152
1330 153
1330 154
1330 155
1330 156
1330 157
1330 158
1330 159
1330 160
1330 161
1330 162
1330 163
1330 164
1330 165
1330 166
1330 167
1330 168
1331 109
1331 110
1331 111
1331 112
1331 113
1331 114
1331 115
1331 116
1331 117
1331 118
1331 119
1331 120
1331 121
1331 122
1331 123
1331 124
1331 125
1331 126
1331 127
1331 128
1331 129
1331 130
1331 131
1331 132
1331 133
1331 134
1331 135
1331 136
1331 137
1331 138
1331 139
1331 140
1331 141
1331 142
1331 143
1331 144
1331 145
1331 146
1331 147
1331 148
1331 149
1331 150
1331 151
1331 152
1331 153
1331 154
1331 155
1331 156
1331 157
1331 158
1331 159
1331 160
1331 161
1331 162
1331 163
1331 164
1331 165
1331 166
1331 167
1331 168
1332 110
1332 111
1332 112
1332 113
1332 114
1332 115
1332 116
1332 117
1332 118
1332 119
1332 120
1332 121
1332 122
1332 123
1332 124
1332 125
1332 126
1332 127
1332 128
1332 129
1332 130
1332 131
1332 132
1332 133
1332 134
1332 135
1332 136
1332 137
1332 138
1332 139
1332 140
1332 141
1332 142
1332 143
1332 144
1332 145
1332 146
1332 147
1332 148
1332 149
1332 150
1332 151
1332 152
1332 153
1332 154
1332 155
1332 156
1332 157
1332 158
1332 159
1332 160
1332 161
1332 162
1332 163
1332 164
1332 165
1332 166
1332 167
1332 168
1333 110
1333 111
1333 112
1333 113
1333 114
1333 115
1333 116
1333 117
1333 118
1333 119
1333 120
1333 121
1333 122
1333 123
1333 124
1333 125
1333 126
1333 127
1333 128
1333 129
1333 130
1333 131
1333 132
1333 133
1333 134
1333 135
1333 136
1333 137
1333 138
1333 139
1333 140
1333 141
1333 142
1333 143
1333 144
1333 145
1333 146
1333 147
1333 148
1333 149
1333 150
1333 151
1333 152
1333 153
1333 154
1333 155
1333 156
1333 157
1333 158
1333 159
1333 160
1333 161
1333 162
1333 163
1333 164
1333 165
1333 166
1333 167
1333 168
1334 111
1334 112
1334 113
1334 114
1334 115
1334 116
1334 117
1334 118
1334 119
1334 120
1334 121
1334 122
1334 123
1334 124
1334 125
1334 126
1334 127
1334 128
1334 129
1334 130
1334 131
1334 132
1334 133
1334 134
1334 135
1334 136
1334 137
1334 138
1334 139
1334 140
1334 141
1334 142
1334 143
1334 144
1334 145
1334 146
1334 147
1334 148
1334 149
1334 150
1334 151
1334 152
1334 153
1334 154
1334 155
1334 156
1334 157
1334 158
1334 159
1334 160
1334 161
1334 162
1334 163
1334 164
1334 165
1334 166
1334 167
1334 168
1335 112
1335 113
1335 114
1335 115
1335 116
1335 117
1335 118
1335 119
1335 120
1335 121
1335 122
1335 123
1335 124
1335 125
1335 126
1335 127
1335 128
1335 129
1335 130
1335 131
1335 132
1335 133
1335 134
1335 135
1335 136
1335 137
1335 138
1335 139
1335 140
1335 141
1335 142
1335 143
1335 144
1335 145
1335 146
1335 147
1335 148
1335 149
1335 150
1335 151
1335 152
1335 153
1335 154
1335 155
1335 156
1335 157
1335 158
1335 159
1335 160
1335 161
1335 162
1335 163
1335 164
1335 165
1335 166
1335 167
1335 168
1336 112
1336 113
1336 114
1336 115
1336 116
1336 117
1336 118
1336 119
1336 120
1336 121
1336 122
1336 123
1336 124
1336 125
1336 126
1336 127
1336 128
1336 129
1336 130
1336 131
1336 132
1336 133
1336 134
1336 135
1336 136
1336 137
1336 138
1336 139
1336 140
1336 141
1336 142
1336 143
1336 144
1336 145
1336 146
1336 147
1336 148
1336 149
1336 150
1336 151
1336 152
1336 153
1336 154
1336 155
1336 156
1336 157
1336 158
1336 159
1336 160
1336 161
1336 162
1336 163
1336 164
1336 165
1336 166
1336 167
1336 168
1337 114
1337 115
1337 116
1337 117
1337 118
1337 119
1337 120
1337 121
1337 122
1337 123
1337 124
1337 125
1337 126
1337 127
1337 128
1337 129
1337 130
1337 131
1337 132
1337 133
1337 134
1337 135
1337 136
1337 137
1337 138
1337 139
1337 140
1337 141
1337 142
1337 143
1337 144
1337 145
1337 146
1337 147
1337 148
1337 149
1337 150
1337 151
1337 152
1337 153
1337 154
1337 155
1337 156
1337 157
1337 158
1337 159
1337 160
1337 161
1337 162
1337 163
1337 164
1337 165
1337 166
1337 167
1337 168
1338 116
1338 117
1338 118
1338 119
1338 120
1338 121
1338 122
1338 123
1338 124
1338 125
1338 126
1338 127
1338 128
1338 129
1338 130
1338 131
1338 132
1338 133
1338 134
1338 135
1338 136
1338 137
1338 138
1338 139
1338 140
1338 141
1338 142
1338 143
1338 144
1338 145
1338 146
1338 147
1338 148
1338 149
1338 150
1338 151
1338 152
1338 153
1338 154
1338 155
1338 156
1338 157
1338 158
1338 159
1338 160
1338 161
1338 162
1338 163
1338 164
1338 165
1338 166
1338 167
1338 168
1339 118
1339 119
1339 120
1339 121
1339 122
1339 123
1339 124
1339 125
1339 126
1339 127
1339 128
1339 129
1339 130
1339 131
1339 132
1339 133
1339 134
1339 135
1339 136
1339 137
1339 138
1339 139
1339 140
1339 141
1339 142
1339 143
1339 144
1339 145
1339 146
1339 147
1339 148
1339 149
1339 150
1339 151
1339 152
1339 153
1339 154
1339 155
1339 156
1339 157
1339 158
1339 159
1339 160
1339 161
1339 162
1339 163
1339 164
1339 165
1339 166
1339 167
1339 168
1340 120
1340 121
1340 122
1340 123
1340 124
1340 125
1340 126
1340 127
1340 128
1340 129
1340 130
1340 131
1340 132
1340 133
1340 134
1340 135
1340 136
1340 137
1340 138
1340 139
1340 140
1340 141
1340 142
1340 143
1340 144
1340 145
1340 146
1340 147
1340 148
1340 149
1340 150
1340 151
1340 152
1340 153
1340 154
1340 155
1340 156
1340 157
1340 158
1340 159
1340 160
1340 161
1340 162
1340 163
1340 164
1340 165
1340 166
1340 167
1340 168
1341 122
1341 123
1341 124
1341 125
1341 126
1341 127
1341 128
1341 129
1341 130
1341 131
1341 132
1341 133
1341 134
1341 135
1341 136
1341 137
1341 138
1341 139
1341 140
1341 141
1341 142
1341 143
1341 144
1341 145
1341 146
1341 147
1341 148
1341 149
1341 150
1341 151
1341 152
1341 153
1341 154
1341 155
1341 156
1341 157
1341 158
1341 159
1341 160
1341 161
1341 162
1341 163
1341 164
1341 165
1341 166
1341 167
1341 168
1342 124
1342 125
1342 126
1342 127
1342 128
1342 129
1342 130
1342 131
1342 132
1342 133
1342 134
1342 135
1342 136
1342 137
1342 138
1342 139
1342 140
1342 141
1342 142
1342 143
1342 144
1342 145
1342 146
1342 147
1342 148
1342 149
1342 150
1342 151
1342 152
1342 153
1342 154
1342 155
1342 156
1342 157
1342 158
1342 159
1342 160
1342 161
1342 162
1342 163
1342 164
1342 165
1342 166
1342 167
1342 168
1343 126
1343 127
1343 128
1343 129
1343 130
1343 131
1343 132
1343 133
1343 134
1343 135
1343 136
1343 137
1343 138
1343 139
1343 140
1343 141
1343 142
1343 143
1343 144
1343 145
1343 146
1343 147
1343 148
1343 149
1343 150
1343 151
1343 152
1343 153
1343 154
1343 155
1343 156
1343 157
1343 158
1343 159
1343 160
1343 161
1343 162
1343 163
1343 164
1343 165
1343 166
1343 167
1343 168
1344 127
1344 128
1344 129
1344 130
1344 131
1344 132
1344 133
1344 134
1344 135
1344 136
1344 137
1344 138
1344 139
1344 140
1344 141
1344 142
1344 143
1344 144
1344 145
1344 146
1344 147
1344 148
1344 149
1344 150
1344 151
1344 152
1344 153
1344 154
1344 155
1344 156
1344 157
1344 158
1344 159
1344 160
1344 161
1344 162
1344 163
1344 164
1344 165
1344 166
1344 167
1344 168
1345 130
1345 131
1345 132
1345 133
1345 134
1345 135
1345 136
1345 137
1345 138
1345 139
1345 140
1345 141
1345 142
1345 143
1345 144
1345 145
1345 146
1345 147
1345 148
1345 149
1345 150
1345 151
1345 152
1345 153
1345 154
1345 155
1345 156
1345 157
1345 158
1345 159
1345 160
1345 161
1345 162
1345 163
1345 164
1345 165
1345 166
1345 167
1345 168
1346 134
1346 135
1346 136
1346 137
1346 138
1346 139
1346 140
1346 141
1346 142
1346 143
1346 144
1346 145
1346 146
1346 147
1346 148
1346 149
1346 150
1346 151
1346 152
1346 153
1346 154
1346 155
1346 156
1346 157
1346 158
1346 159
1346 160
1346 161
1346 162
1346 163
1346 164
1346 165
1346 166
1346 167
1346 168
1347 137
1347 138
1347 139
1347 140
1347 141
1347 142
1347 143
1347 144
1347 145
1347 146
1347 147
1347 148
1347 149
1347 150
1347 151
1347 152
1347 153
1347 154
1347 155
1347 156
1347 157
1347 158
1347 159
1347 160
1347 161
1347 162
1347 163
1347 164
1347 165
1347 166
1347 167
1347 168
1348 141
1348 142
1348 143
1348 144
1348 145
1348 146
1348 147
1348 148
1348 149
1348 150
1348 151
1348 152
1348 153
1348 154
1348 155
1348 156
1348 157
1348 158
1348 159
1348 160
1348 161
1348 162
1348 163
1348 164
1348 165
1348 166
1348 167
1348 168
1349 146
1349 147
1349 148
1349 149
1349 150
1349 151
1349 152
1349 153
1349 154
1349 155
1349 156
1349 157
1349 158
1349 159
1349 160
1349 161
1349 162
1349 163
1349 164
1349 165
1349 166
1349 167
1349 168
1350 149
1350 150
1350 151
1350 152
1350 153
1350 154
1350 155
1350 156
1350 157
1350 158
1350 159
1350 160
1350 161
1350 162
1350 163
1350 164
1350 165
1350 166
1350 167
1351 153
1351 154
1351 155
1351 156
1351 157
1351 158
1351 159
1351 160
1351 161
1351 162
1351 163
1351 164
1351 165
1351 166
1351 167
1352 158
1352 159
1352 160
1352 161
1352 162
1352 163
1352 164
1352 165
1352 166
